-6.22000000
-3.86000000
-4.86000000
-4.09000000
-4.25000000
-5.93541000
-4.68000000
-4.84000000
-4.74000000
-4.83000000
-6.54000000
-6.12000000
-4.45000000
-5.58500000
-5.48000000
-4.60000000
-6.52000000
-5.03000000
-4.58000000
-4.62000000
-6.65000000
-6.15000000
-6.12000000
-5.79000000
-5.29000000
-4.74000000
-4.35000000
-4.31000000
-4.28000000
-4.40000000
-4.51000000
-4.15000000
-4.02000000
-4.00000000
-4.14000000
-4.44000000
-6.21000000
-4.98000000
-4.97000000
-6.84000000
-6.12500000
-5.28000000
-5.78000000
-5.43000000
-4.73000000
-6.07000000
-4.64000000
-6.51000000
-5.70000000
-4.10000000
-4.47000000
-4.53000000
-5.63000000
-5.11000000
-5.69000000
-4.65000000
-4.83000000
-5.28000000
-4.40000000
-4.68000000
-4.23000000
-4.74000000
-5.82000000
-5.82000000
-5.82000000
-5.82000000
-5.82000000
-5.82000000
-5.30000000
-4.41000000
-5.82000000
-5.82000000
-5.82000000
-5.30000000
-5.82000000
-4.44000000
-5.82000000
-5.82000000
-5.82000000
-5.82000000
-5.30000000
-5.30000000
-5.00000000
-5.82000000
-5.82000000
-5.82000000
-5.82000000
-5.82000000
-5.82000000
-5.26000000
-5.82000000
-5.30000000
-5.30000000
-4.70000000
-5.30000000
-5.00000000
-5.30000000
-5.10000000
-5.15000000
-4.26000000
-5.30000000
-5.30000000
-5.30000000
-5.18000000
-5.17000000
-4.66000000
-5.68000000
-4.63000000
-4.34000000
-4.85100000
-4.69000000
-6.17000000
-3.92000000
-4.93000000
-4.35100000
-4.39000000
-4.11000000
-6.05000000
-4.28500000
-6.59000000
-7.12000000
-7.39000000
-7.34000000
-3.75000000
-5.00000000
-5.05000000
-3.87000000
-4.36000000
-4.14000000
-4.52000000
-4.17000000
-4.46000000
-4.26000000
-4.20000000
-4.21000000
-4.19000000
-4.43000000
-5.89000000
-4.14000000
-4.48000000
-4.24000000
-4.20000000
-4.54000000
-5.30000000
-4.33000000
-4.36000000
-4.37000000
-4.07000000
-4.71000000
-6.20000000
-6.10000000
-6.16000000
-5.21000000
-4.95500000
-6.21000000
-5.45000000
-6.15250000
-5.77000000
-5.41100000
-4.66000000
-4.33000000
-4.65500000
-5.80000000
-4.68000000
-5.34000000
-4.73000000
-5.70000000
-4.55000000
-4.51000000
-4.71000000
-4.79000000
-5.58000000
-4.68000000
-4.54500000
-4.60000000
-4.47000000
-4.53000000
-4.55000000
-4.57000000
-4.59000000
-6.70000000
-4.65000000
-7.05000000
-6.15000000
-5.84000000
-4.98700000
-4.72000000
-5.35000000
-4.62500000
-4.77000000
-4.58000000
-4.51000000
-4.16317000
-6.40000000
-6.70000000
-5.09000000
-4.69000000
-7.62000000
-5.40000000
-4.96000000
-5.33000000
-4.92800000
-5.20000000
-6.00000000
-4.86000000
-4.51000000
-5.76000000
-4.70000000
-4.75000000
-5.26000000
-5.00000000
-5.37817000
-4.92000000
-4.89000000
-4.53000000
-5.14000000
-4.82100000
-4.57000000
-4.61000000
-5.09000000
-4.43000000
-4.35000000
-4.98500000
-4.41000000
-6.77000000
-4.89300000
-4.63500000
-5.88000000
-5.10000000
-4.46000000
-4.81000000
-5.39000000
-4.92000000
-5.55000000
-5.35000000
-4.58000000
-4.00500000
-5.48000000
-5.37000000
-5.17000000
-5.34000000
-5.60000000
-5.69000000
-4.63000000
-4.63000000
-6.02500000
-4.40000000
-5.06000000
-4.96000000
-5.91000000
-4.89000000
-5.88000000
-6.47000000
-4.11000000
-3.78000000
-4.06000000
-6.23000000
-6.76500000
-6.36000000
-6.63000000
-5.11000000
-5.90000000
-4.58000000
-4.51000000
-4.66000000
-4.82000000
-6.69897000
-4.14327000
-5.21467000
-4.63078000
-4.18177000
-5.53313000
-4.24109000
-5.49621000
-4.59688000
-5.43652000
-4.63078000
-4.16877000
-5.26841000
-4.46092000
-4.17587000
-4.60033000
-4.55909000
-4.16685000
-5.16431000
-4.18642000
-4.26201000
-4.56864000
-4.01773000
-5.74473000
-6.25181000
-3.83765000
-4.04096000
-4.31876000
-6.04201000
-6.54576000
-7.43180000
-4.85699000
-4.59176000
-5.22185000
-4.95861000
-6.05552000
-4.34930000
-5.63827000
-4.61979000
-5.00000000
-4.55284000
-4.63827000
-4.63827000
-4.53760000
-4.55284000
-4.60206000
-4.60206000
-4.60206000
-4.50864000
-4.46852000
-5.74473000
-5.36653000
-5.38722000
-6.18838000
-5.64792000
-5.74140000
-5.14750000
-6.37236000
-5.94303000
-4.75449000
-5.22330000
-4.32331000
-5.36653000
-4.73518000
-4.45296000
-4.95742000
-4.92793000
-4.88857000
-4.99140000
-4.98801000
-4.99204000
-5.04988000
-5.05037000
-4.28150000
-5.18709000
-4.59869000
-4.76955000
-4.81959000
-7.30980000
-4.50864000
-5.42022000
-5.44370000
-4.81531000
-3.90066000
-4.94692000
-4.74715000
-4.81248000
-6.58855000
-4.62893000
-6.10237000
-6.06048000
-5.06298000
-5.18509000
-5.31594000
-5.40012000
-5.48149000
-5.69250000
-4.98255000
-4.36341000
-4.92996000
-5.94885000
-6.05552000
-4.75449000
-4.05453000
-4.99568000
-4.17070000
-4.99140000
-5.15243000
-5.30980000
-4.24413000
-4.69897000
-5.72062000
-4.38942000
-4.26000000
-4.39000000
-6.07000000
-5.40000000
-5.15000000
-5.31000000
-4.31563000
-4.66000000
-4.76000000
-4.40000000
-4.66000000
-3.95195000
-4.46000000
-4.82000000
-6.29000000
-4.80506000
-5.54000000
-5.50000000
-4.55000000
-4.28000000
-4.74000000
-6.32000000
-4.19000000
-5.47000000
-4.51000000
-4.28000000
-5.44000000
-4.56146000
-4.74000000
-4.46068000
-5.63160000
-4.40436000
-4.05000000
-5.69000000
-5.88000000
-4.33000000
-4.40000000
-4.55249000
-4.55000000
-3.72949000
-4.89000000
-5.70000000
-6.10123000
-4.72000000
-6.07000000
-4.89000000
-4.33000000
-4.71000000
-4.34338000
-5.39000000
-5.69000000
-4.61000000
-4.44000000
-4.89506000
-5.42000000
-6.66000000
-4.80000000
-4.97000000
-6.06000000
-6.07276000
-4.84000000
-4.35000000
-4.51000000
-4.70586000
-5.11615000
-4.65000000
-5.30492000
-6.15000000
-5.16875000
-4.93058000
-4.33200000
-4.70000000
-4.62003000
-5.01000000
-6.95930000
-4.48000000
-4.18000000
-4.63000000
-4.41487000
-4.44910000
-5.87000000
-4.89000000
-4.39000000
-5.37000000
-4.38000000
-3.77777000
-4.23000000
-4.68000000
-5.72275000
-6.13009000
-5.37000000
-5.02000000
-5.39979000
-4.62000000
-6.28000000
-5.17000000
-5.39000000
-4.77841000
-4.50090000
-5.34839000
-5.83932000
-5.68290000
-5.15000000
-4.32211000
-4.31036000
-4.70000000
-4.52000000
-5.09000000
-4.62000000
-4.55000000
-4.32000000
-6.26000000
-4.81000000
-4.91005000
-4.50000000
-4.61000000
-4.73886000
-3.92011000
-5.21234000
-4.48000000
-5.67889000
-5.74844000
-5.39002000
-5.04993000
-5.14133000
-4.60953000
-4.51325000
-4.42105000
-4.35177000
-6.87623000
-7.38150000
-7.11789000
-7.38202000
-7.33909000
-7.09129000
-7.36776000
-7.14876000
-4.99784000
-6.85039000
-4.15078000
-4.13008000
-4.57177000
-4.19205000
-4.77235000
-4.51904000
-6.51712000
-4.55000000
-4.57000000
-4.59000000
-4.77000000
-6.42011000
-4.56932000
-6.01886000
-4.80997000
-6.60471000
-5.86979000
-5.39897000
-6.07029000
-5.32120000
-6.39827000
-6.53644000
-6.45797000
-5.42011000
-5.65879000
-4.90000000
-5.29121000
-5.19854000
-5.42798000
-5.21984000
-4.87971000
-6.22092000
-6.30052000
-6.39897000
-6.74236000
-5.10009000
-5.69948000
-5.34848000
-4.92293000
-4.69378000
-4.49489000
-6.56112000
-6.15245000
-4.29000000
-4.67889000
-5.33862000
-4.45797000
-4.43090000
-4.74236000
-4.37838000
-4.63914000
-5.25091000
-5.88803000
-5.41052000
-5.08141000
-5.00000000
-5.09846000
-4.53880000
-4.51785000
-4.90745000
-5.26858000
-4.84962000
-4.79794000
-5.38914000
-5.59088000
-6.08046000
-5.42068000
-5.91182000
-7.22774000
-7.17957000
-7.08916000
-6.22238000
-6.49107000
-6.55955000
-6.22921000
-5.83782000
-4.57101000
-4.81237000
-4.84993000
-4.30990000
-5.00000000
-4.49243000
-5.52072000
-5.63914000
-5.79794000
-5.58751000
-5.04788000
-4.74000000
-5.22092000
-5.07000000
-5.40947000
-4.99784000
-5.19000000
-4.53805000
-4.27827000
-4.22020000
-4.09022000
-4.06800000
-4.02023000
-3.97235000
-3.97031000
-3.96129000
-3.88803000
-4.91146000
-5.59758000
-4.64795000
-4.63132000
-4.55955000
-5.21234000
-5.01060000
-4.98218000
-5.95930000
-5.82195000
-6.40947000
-6.45797000
-6.36827000
-6.85194000
-4.50932000
-4.33185000
-4.17000000
-5.18745000
-6.23142000
-5.30226000
-5.84745000
-5.73288000
-5.69541000
-5.13000000
-5.73972000
-4.82051000
-5.10119000
-4.69948000
-5.85194000
-5.30052000
-5.76978000
-5.79794000
-5.72062000
-4.97235000
-5.85194000
-5.76978000
-5.88803000
-5.19191000
-5.95930000
-4.86000000
-4.69000000
-4.76000000
-4.58000000
-4.79000000
-4.90000000
-4.84985000
-5.01016000
-4.84284000
-5.05825000
-4.63226000
-4.51000000
-4.95214000
-5.42241000
-6.95930000
-6.28200000
-4.16875000
-4.10119000
-5.14013000
-5.83134000
-4.91987000
-4.92041000
-4.66777000
-4.54980000
-4.18774000
-4.72989000
-7.49810000
-6.59000000
-7.01000000
-7.03076000
-4.50862000
-4.77864000
-5.46000000
-4.60016000
-6.13148000
-6.05947000
-5.62900000
-5.60103000
-4.88803000
-5.07786000
-5.23829000
-4.82195000
-4.92041000
-4.84233000
-6.16000000
-6.20033000
-6.36827000
-6.92041000
-4.99000000
-5.00131000
-6.10000000
-6.27000000
-6.53880000
-5.28000000
-6.39897000
-4.83782000
-6.43119000
-5.30000000
-5.52000000
-5.70000000
-5.00000000
-5.52144000
-4.92041000
-4.43090000
-5.52144000
-5.04788000
-5.10119000
-5.15901000
-5.01161000
-5.15152000
-5.32757000
-5.12951000
-5.08862000
-5.74236000
-5.63195000
-5.15807000
-5.10036000
-5.25168000
-5.26061000
-5.22957000
-5.57000000
-5.89897000
-5.72092000
-4.82895000
-5.80052000
-5.31000000
-4.69000000
-5.26000000
-5.11000000
-5.00000000
-5.80052000
-4.64937000
-4.82895000
-4.91861000
-4.86164000
-5.80000000
-5.44125000
-4.75973000
-6.01072000
-7.04788000
-5.69125000
-5.99070000
-5.71419000
-6.52144000
-6.57000000
-4.77995000
-6.82841000
-4.77000000
-5.22957000
-4.95930000
-5.30052000
-4.51797000
-7.38000000
-7.02000000
-7.31000000
-4.59000000
-4.18000000
-4.85000000
-3.95000000
-5.22000000
-5.12000000
-5.70000000
-4.72000000
-4.01000000
-7.31000000
-6.10000000
-5.23000000
-5.20000000
-4.33000000
-4.20000000
-4.33000000
-4.06000000
-4.39000000
-4.10000000
-4.74000000
-5.15000000
-6.82000000
-4.68000000
-5.46000000
-5.32000000
-5.32000000
-5.66000000
-7.00000000
-6.00000000
-5.90000000
-6.00000000
-5.50000000
-5.30000000
-5.42000000
-4.49000000
-5.15000000
-5.89000000
-5.60000000
-5.22000000
-5.69000000
-5.29000000
-6.01000000
-4.46000000
-4.39000000
-4.49000000
-4.88000000
-4.71000000
-4.31000000
-4.15000000
-5.54000000
-5.09000000
-5.38000000
-4.66000000
-4.60000000
-4.73000000
-4.70000000
-4.89000000
-4.74000000
-4.72000000
-5.06000000
-4.87000000
-5.80000000
-5.85000000
-5.54000000
-6.05000000
-5.82000000
-5.38000000
-6.30000000
-4.91000000
-5.12000000
-5.80000000
-5.72000000
-5.50000000
-5.59000000
-5.24500000
-5.14000000
-5.40000000
-5.07000000
-5.42000000
-4.83000000
-5.16000000
-4.45000000
-4.46000000
-4.50000000
-4.30000000
-3.51000000
-4.12000000
-3.82000000
-4.98000000
-5.27000000
-4.82000000
-5.39000000
-4.20000000
-4.97000000
-5.32000000
-5.60000000
-5.47000000
-4.68000000
-4.89000000
-5.22000000
-4.70000000
-4.89000000
-5.05000000
-4.59000000
-4.49000000
-4.49000000
-4.52000000
-4.55000000
-4.69000000
-5.70887000
-4.67000000
-5.64000000
-4.52000000
-4.96000000
-4.06000000
-4.73000000
-5.89000000
-4.48500000
-5.70000000
-6.36000000
-4.67000000
-4.67000000
-4.43000000
-5.11000000
-5.81000000
-5.34000000
-4.26000000
-5.67200000
-6.37000000
-5.82000000
-5.82000000
-5.30000000
-5.82000000
-5.82000000
-5.30000000
-4.39000000
-6.54000000
-6.20000000
-5.19000000
-7.76000000
-4.03000000
-5.22000000
-4.49000000
-5.62000000
-4.59000000
-4.62000000
-4.65000000
-4.52000000
-4.85000000
-4.17000000
-7.23000000
-6.47000000
-6.11500000
-6.10000000
-6.70000000
-6.26000000
-5.23000000
-4.63000000
-4.88000000
-4.81000000
-4.52000000
-4.34000000
-5.44000000
-4.95861000
-4.54668000
-5.69897000
-4.96128000
-4.55284000
-4.74473000
-4.56864000
-4.83993000
-3.95468000
-4.98464000
-5.56424000
-5.86170000
-4.36101000
-4.41680000
-5.99000000
-4.70167000
-5.89000000
-4.52000000
-5.58000000
-4.27000000
-4.47000000
-4.99000000
-4.48000000
-4.75386000
-4.95000000
-4.66000000
-6.61989000
-4.72406000
-4.96845000
-5.26000000
-4.39000000
-6.00000000
-5.94115000
-5.21422000
-4.65978000
-4.46109000
-7.03123000
-4.38876000
-5.91861000
-6.59000000
-4.16086000
-6.22999000
-5.97965000
-5.89982000
-5.76487000
-7.04788000
-6.69948000
-4.43090000
-4.82195000
-4.31000000
-4.76978000
-5.61989000
-5.13827000
-4.33127000
-5.89695000
-5.20067000
-5.13245000
-5.62947000
-5.45050000
-5.79000000
-6.29878000
-5.43000000
-4.91000000
-5.12247000
-4.93091000
-4.18056000
-4.10895000
-3.99784000
-3.88971000
-4.66227000
-4.60103000
-5.55142000
-4.00000000
-5.67081000
-5.66978000
-5.98193000
-4.50000000
-4.69948000
-5.10119000
-5.32895000
-5.69948000
-5.56932000
-5.79794000
-5.95930000
-4.79000000
-4.70000000
-4.53805000
-4.72000000
-5.16843000
-7.52144000
-4.80000000
-6.58835000
-4.88153000
-4.81879000
-4.93871000
-4.57174000
-4.58168000
-6.83134000
-6.50932000
-4.38861000
-4.79794000
-5.15807000
-5.48906000
-5.34000000
-4.87838000
-5.00000000
-5.80052000
-4.91000000
-5.29000000
-5.16000000
-4.54182000
-4.88853000
-6.39897000
-4.56932000
-4.68000000
-4.81029000
-5.70000000
-6.82000000
-5.39000000
-4.26000000
-6.24000000
-5.03000000
-5.29000000
-5.50000000
-4.18000000
-5.56000000
-6.49000000
-7.29000000
-6.10000000
-4.71000000
-5.27000000
-5.47000000
-5.70000000
-6.10000000
-5.52000000
-5.36000000
-5.32000000
-4.50000000
-5.97000000
-4.48000000
-4.68000000
-4.95000000
-5.08000000
-5.30000000
-4.84000000

