150.0
150.0
16.98
91.0
26.92
28.84
3.0
3.0
5.13
5.75
83.18
3.0
66.5
10.0
11.0
150.0
43.65
5.37
95.5
4.68
32.36
131.83
150.0
3.0
3.0
150.0
3.0
3.0
150.0
150.0
150.0
10.23
6.0
7.11
7.59
5.25
3.0
150.0
3.0
6.31
7.41
8.0
14.0
14.13
9.12
5.5
14.79
38.02
3.0
13.8
17.78
150.0
150.0
150.0
13.18
6.61
3.0
3.0
6.61
150.0
150.0
25.12
75.0
140.0
104.71
3.72
85.0
91.2
3.0
10.23
82.0
3.0
41.69
3.0
11.75
3.0
3.0
3.0
3.0
10.8
6.76
5.01
23.0
4.57
42.66
3.0
3.47
4.0
4.17
30.2
26.92
14.0
13.18
3.0
150.0
50.12
3.0
32.36
3.0
14.45
6.0
15.14
3.39
3.0
4.68
6.92
7.0
150.0
3.0
12.0
150.0
10.96
3.0
3.0
15.49
150.0
3.0
25.7
150.0
150.0
3.0
6.46
17.38
3.0
3.0
79.0
3.0
3.0
3.91
4.0
3.0
91.2
54.95
3.0
3.0
3.0
21.0
31.0
3.0
3.0
3.0
150.0
3.0
144.0
3.98
21.88
29.51
3.0
3.24
3.89
4.07
3.0
6.46
3.0
3.0
3.0
150.0
6.17
9.5
3.0
3.0
69.18
84.0
114.0
8.51
23.5
4.27
3.0
54.0
3.0
5.01
38.9
66.0
38.02
57.11
12.88
3.0
23.2
7.76
8.71
8.51
9.0
