1.0
5.9
2.7
3.5
6.4
2.5
13.0
5.5
18.0
0.26
9.9
2.5
1.6
2.1
2.4
3.6
1.6
4.8
2.8
0.8
3.4
1.6
12.0
2.5
16.0
1.1
2.4
7.0
4.9
0.61
820.0
17.0
34.0
1.1
7.3
1.4
2.0
4.7
2.4
18.0
40.0
12.0
0.68
13.0
0.4
75.0
0.22
6.1
5.2
63.0
0.31
4.1
0.36
17.0
22.0
79.0
69.0
1.2
1.5
2.6
9.4
0.5
5.8
5.6
0.59
17.0
1.9
1.1
3.2
24.0
8.6
10.0
1.6
18.0
4.1
21.0
2.6
2.9
4.8
2.8
3.3
2.3
1.2
2.0
3.1
3.2
3.4
4.8
4.9
2.0
1.1
2.0
0.37
1.6
2.4
27.0
2.5
1.1
0.75
1.2
1.7
1.0
1.9
2.1
3.2
1.5
4.2
1.8
3.0
1.2
4.5
0.81
1.7
1.2
1.8
1.5
3.3
8.6
0.57
1.5
0.95
1.2
0.85
1.8
12.0
1.1
4.6
2.4
8.3
4.5
4.7
570.0
22.0
11.0
46.0
7.0
36.0
7.3
1.1
2.6
0.86
7.9
2.2
3.8
33.0
16.0
2.8
0.9
0.3
5.4
2.1
26.0
38.0
7.6
10.0
1.5
0.76
4.0
58.0
6.7
17.0
8.0
7.3
6.2
170.0
0.74
10.0
22.0
8.1
3.6
0.58
200.0
12.0
34.0
31.0
22.0
46.0
3.7
14.0
1.2
2.2
22.0
2.5
60.0
1.8
42.0
48.0
2.4
0.65
1.4
0.88
1.4
10.0
180.0
38.0
5.7
3.3
5.6
9.3
1.5
1.7
7.0
11.0
8.1
0.13
7.5
1.7
4.1
10.0
15.0
0.35
32.0
14.0
3.5
9.3
1.8
4.2
4.7
39.0
2.6
5.6
2.2
5.1
1.8
36.0
27.0
2.1
4.2
2.1
51.0
3.8
2.0
0.15
1.7
2.4
0.5
3.1
9.7
9.3
8.4
2.2
3.5
5.7
26.0
6.7
2.8
10.0
0.87
1.0
14.0
3.0
6.0
5.2
12.0
8.6
1.4
30.0
4.2
11.0
0.78
25.0
1.6
0.12
8.5
6.0
0.7
1.3
4.7
2.1
1.9
9.4
1.5
24.0
2.5
5.3
1.7
5.3
3.7
10.0
34.0
1.0
49.0
4.7
10.0
3.8
5.2
10.0
3.3
2.2
5.2
15.0
35.0
4.9
1.0
1.6
5.2
2.3
850.0
5.9
6.7
10.0
790.0
3.4
42.0
14.0
1.6
7.0
16.0
4.2
22.0
6.6
0.57
22.0
0.95
16.0
1.8
1.0
0.07
1.4
4.3
19.0
1.5
2.1
2.6
1.3
14.0
9.0
0.3
24.0
1.0
0.41
1.7
4.1
33.0
3.3
25.0
1.6
17.0
2.1
2.8
12.0
2.3
2.1
5.1
1.3
4.4
2.1
9.1
1.0
45.0
2.9
1.3
8.8
30.0
9.4
1.1
1.6
4.5
42.0
7.8
17.0
6.5
4.9
1.8
5.2
51.0
37.0
1.1
11.0
1.6
18.0
3.9
1.0
21.0
7.9
2.0
14.0
1.7
1.0
1.0
1.7
31.0
12.0
0.64
2.4
1.6
3.9
5.9
2.5
0.65
4.8
2.3
32.0
7.2
5.1
20.0
3.6
1.3
7.1
9.9
1.2
13.0
16.0
3.1
2.3
0.8
17.0
15.0
53.0
0.83
1.5
5.0
2.0
1.4
2.9
8.2
2.2
9.2
0.7
3.7
8.8
1.1
1.9
1.9
6.6
1.5
10.0
1.2
5.0
0.5
1.3
3.2
53.0
4.1
2.0
1.9
1.3
11.0
26.0
8.2
0.97
1.5
17.0
6.5
4.4
8.9
2.5
0.9
0.58
3.4
1.8
0.7
6.7
7.5
7.2
5.5
10.0
11.0
39.0
32.0
1.9
0.96
1.9
1.8
5.3
13.0
11.0
2.1
0.7
25.0
2.5
22.0
1.2
29.0
9.4
0.92
16.0
0.91
99.0
0.84
1.8
2.2
0.96
1.9
1.3
8.0
8.4
730.0
0.78
2.0
3.4
2.9
1.8
7.1
5.9
3.1
9.0
12.0
7.9
14.0
2.1
3.2
18.0
3.4
1.3
20.0
1.5
140.0
0.6
120.0
2.3
11.0
0.87
1.0
2.1
10.0
5.0
0.8
5.5
0.87
1.2
45.0
2.5
37.0
3.8
200.0
3.2
2.6
1.4
2.2
1.6
8.8
11.0
2.2
31.0
3.9
2.0
20.0
13.0
1.0
0.8
4.5
1.3
3.8
3.9
2.4
6.6
12.0
52.0
6.3
20.0
1.8
9.5
1.4
4.3
14.0
1.1
1.2
7.0
9.8
6.2
7.4
1.7
2.1
1200.0
3.3
26.0
11.0
6.8
11.0
150.0
6.7
12.0
20.0
1.5
18.0
16.0
5.8
67.0
9.0
15.0
56.0
45.0
9.4
33.0
3.8
4.7
7.2
1.6
2.0
2.7
10.0
5.9
1.0
48.0
5.0
2.2
13.0
0.78
1.6
2.4
2.0
12.0
2.5
7.0
1.1
1.6
2.4
1.7
45.0
2.3
5.1
44.0
5.8
2.3
3.7
7.3
2.4
4.3
2.7
3.1
9.6
17.0
23.0
5.6
11.0
11.0
82.0
2.0
1.4
3.5
12.0
9.5
10.0
6.5
4.5
1.4
5.0
2.8
2.3
4.1
67.0
23.0
35.0
26.0
5.6

