3.430
4.120
3.830
3.060
2.480
2.170
2.204
2.900
2.811
3.090
2.950
3.470
4.010
2.600
5.110
4.040
3.580
2.860
3.610
4.070
3.400
2.510
2.240
3.560
3.050
3.540
2.293
2.447
3.210
3.490
3.220
3.110
3.080
2.010
2.820
2.800
2.427
2.296
1.910
1.730
2.513
1.351
2.990
2.732
2.997
3.415
1.626
4.040
3.013
4.282
3.898
5.161
4.760
5.450
4.670
1.800
2.282
4.560
4.020
3.880
3.626
4.191
2.740
4.700
4.080
4.040
2.620
3.750
3.310
2.770
2.780
3.161
3.210
3.266
2.149
2.728
3.483
2.820
5.110
5.030
2.560
2.758
4.400
4.500
2.872
3.790
2.630
5.100
3.640
3.130
2.360
2.291
2.510
3.620
3.218
3.490
2.860
4.921
4.290
2.624
3.660
1.458
3.998
2.710
2.690
4.510
2.900
1.870
3.110
3.130
4.144
5.820
2.790
3.194
3.512
1.368
3.610
3.134
3.116
1.693
2.990
5.770
3.770
2.220
2.174
4.940
3.459
4.200
5.020
4.130
5.040
3.491
1.680
2.150
3.030
3.470
3.750
3.620
3.610
3.610
2.540
2.620
2.719
4.000
4.276
3.960
3.960
2.630
5.310
3.190
3.990
2.900
3.380
3.600
3.920
2.790
4.360
5.168
3.040
3.930
4.886
2.042
3.986
2.990
3.410
1.780
3.610
3.250
3.154
3.110
1.327
2.120
2.706
3.280
3.980
3.210
2.300
2.610
4.310
2.910
3.074
2.610
4.042
1.350
5.367
3.120
3.930
2.050
3.011
5.409
3.103
1.373
1.930
3.180
2.540
3.850
1.215
3.300
2.001
3.170
3.510
4.040
2.920
2.390
5.377
3.720
1.120
2.660
3.830
4.310
2.780
5.180
4.350
4.410
3.180
2.510
3.350
4.220
2.066
2.690
3.353
2.291
2.840
3.860
5.040
4.890
3.401
3.900
3.740
3.510
4.230
2.150
2.944
3.460
4.510
4.260
3.860
1.188
2.290
3.640
3.610
2.220
3.617
2.970
3.290
2.240
5.469
3.621
3.180
3.710
2.290
1.834
2.590
2.366
4.046
4.360
1.505
1.297
5.210
4.960
2.420
4.300
3.530
3.040
2.700
2.900
2.827
3.460
4.700
3.770
2.070
2.090
1.760
1.500
5.230
2.740
6.040
4.340
3.617
1.569
3.590
2.340
3.970
4.611
3.520
3.260
4.120
3.480
3.340
2.680
1.628
2.440
4.510
2.070
3.750
3.770
4.090
1.430
3.122
3.080
4.925
2.159
3.560
3.800
4.600
3.430
3.380
4.210
3.240
3.100
4.200
2.848
4.650
3.610
3.260
3.080
3.820
4.530
3.490
2.890
2.490
4.860
5.170
4.090
2.400
2.700
2.930
3.920
1.161
3.627
2.223
2.223
2.650
5.370
2.640
4.190
3.260
3.940
3.180
2.710
3.350
4.070
3.200
2.689
1.370
4.959
2.410
5.160
2.730
2.980
2.730
2.340
4.160
3.470
3.980
3.470
2.700
3.650
4.420
2.870
3.230
5.310
3.430
4.180
3.540
4.300
1.505
3.638
2.980
2.760
2.180
2.800
2.260
3.060
3.180
2.170
2.130
1.210
3.080
2.590
1.976
2.520
2.240
3.073
2.880
4.380
2.790
3.270
3.560
3.380
4.550
2.610
1.251
4.660
4.650
1.825
2.930
3.990
3.590
3.420
3.070
4.410
3.120
2.180
2.580
5.470
2.620
4.250
3.500
2.920
3.014
3.167
2.990
2.900
3.160
2.943
3.400
2.820
3.650
3.250
4.060
3.040
3.657
1.660
5.678
2.055
2.347
4.056
2.767
2.321
2.003
1.770
1.166
2.586
3.140
4.490
3.792
4.240
3.420
5.222
2.185
3.680
3.470
4.010
3.680
3.250
2.840
3.530
2.950
3.290
1.943
2.439
3.104
4.011
3.569
1.620
1.796
4.890
2.060
1.583
2.610
1.028
3.845
1.082
1.926
1.390
1.502
1.047
3.854
3.250
2.423
3.090
1.778
0.699
2.428
2.455
2.668
4.070
1.626
2.150
2.090
5.010
2.010
2.141
1.792
1.410
2.511
1.431
2.920
3.870
2.720
2.350
2.350
2.190
1.713
2.277
2.640
3.870
1.740
3.250
2.120
2.870
2.234
1.767
2.650
4.660
2.570
2.040
2.460
1.990
1.910
2.160
3.516
3.860
1.860
3.511
2.733
1.762
2.090
1.559
1.521
3.220
1.180
1.210
5.740
1.350
1.560
2.354
1.597
2.061
2.485
4.354
4.378
3.484
3.720
3.770
2.515
1.993
1.176
2.978
0.764
1.116
2.322
1.978
1.680
2.548
2.361
3.536
4.040
2.855
2.887
2.416
3.937
2.780
2.621
1.066
1.206
3.211
1.462
3.105
2.998
4.320
4.870
3.670
3.351
3.583
1.832
3.700
2.714
3.764
3.351
4.535
4.057
4.880
4.701
4.335
4.955
4.690
3.224
3.990
2.170
2.860
2.130
3.410
3.587
2.600
3.690
3.420
3.890
2.950
3.680
3.680
4.640
3.880
1.611
1.689
2.535
4.810
4.820
6.360
4.230
4.910
2.550
1.474
3.570
2.960
3.870
1.960
2.170
3.277
3.370
3.570
3.980
4.450
3.210
3.750
2.840
3.870
3.850
3.020
2.970
3.280
3.730
3.320
3.670
3.870
3.700
2.790
2.953
2.526
2.331
2.618
2.920
3.470
2.515
1.964
3.064
3.213
2.620
4.060
2.514
3.000
2.394
3.081
3.283
3.808
1.069
3.150
1.347
1.508
1.752
1.051
4.790
5.000
3.980
3.960
4.370
4.420
4.370
4.410
4.420
3.620
4.510
3.557
4.410
2.025
2.050
2.210
3.890
3.170
2.218
3.150
4.268
4.110
3.920
4.800
4.340
2.804
3.970
2.047
3.107
2.723
4.100
2.640
2.210
3.660
3.520
3.635
3.512
3.009
2.874
3.520
1.115
1.703
4.080
2.620
1.360
4.090
3.728
1.415
3.340
2.792
3.740
2.991
4.960
2.600
3.330
3.855
3.980
3.220
3.680
4.854
2.630
3.310
3.820
2.910
5.220
4.654
4.022
3.377
5.240
3.880
2.850
2.380
3.076
2.677
3.017
2.490
3.230
4.580
5.481
2.670
3.070
3.870
3.390
2.810
3.010
4.570
1.500
3.140
1.308
3.060
3.900
1.599
2.996
3.700
3.300
1.895
2.778
3.293
3.670
3.370
3.390
4.656
2.137
3.700
3.310
5.430
4.520
4.660
2.415
1.316
4.020
2.047
4.580
5.170
3.600
4.190
3.270
3.740
4.560
4.890
4.320
1.810
3.450
4.660
4.160
4.110
4.444
6.056
2.680
4.040
4.425
3.296
3.513
3.330
4.107
4.700
4.323
4.370
3.880
2.218
4.240
3.080
3.420
3.010
5.550
3.310
4.730
2.520
3.365
4.720
3.714
4.430
3.209
3.320
4.160
4.050
4.600
3.650
2.500
3.760
3.520
4.360
4.640
3.100
4.810
4.495
5.660
2.345
4.340
2.950
3.626
3.292
2.440
1.812
1.596
2.384
4.040
2.727
4.550
5.056
4.430
2.869
3.740
3.160
3.150
2.519
2.591
2.944
4.370
3.407
3.702
3.850
2.365
2.724
2.416
1.990
2.307
2.805
3.860
4.570
3.630
4.060
3.001
2.860
3.070
3.949
2.743
4.710
4.420
2.500
3.370
2.830
2.520
2.350
3.770
4.128
5.092
3.800
4.670
3.090
3.620
2.530
3.625
4.650
5.538
3.287
4.140
4.310
4.070
3.420
3.290
3.488
3.521
3.420
3.340
3.400
3.580
4.160
3.250
4.440
2.820
2.680
2.121
4.300
3.280
2.500
5.699
3.870
5.113
4.903
4.060
2.640
3.760
2.341
3.111
4.070
1.470
4.350
3.650
2.980
3.920
4.090
3.740
1.235
2.080
2.660
2.710
3.594
5.640
4.730
4.400
0.952
4.240
2.229
5.538
5.340
3.920
2.075
5.600
1.764
4.260
3.330
3.640
2.260
2.890
3.010
1.558
2.090
4.310
3.290
2.160
3.740
5.420
3.750
2.390
1.290
2.000
1.590
1.250
4.310
1.180
3.810
4.240
3.820
5.658
3.750
1.040
5.310
2.840
2.971
3.890
2.090
2.610
2.626
3.540
3.190
4.499
4.050
3.973
4.810
3.080
3.760
2.570
4.440
3.506
3.340
4.870
3.300
2.230
4.024
4.620
2.350
2.480
4.070
2.600
3.390
4.780
4.120
3.940
2.966
3.530
2.125
5.398
2.960
4.180
5.080
4.040
4.170
3.506
3.045
3.120
3.930
4.123
4.027
2.329
2.117
4.370
4.760
3.800
3.100
2.870
2.018
2.020
4.120
2.028
2.240
6.051
4.231
3.920
3.920
3.330
3.710
2.241
3.600
4.690
5.208
5.720
3.590
3.020
2.167
1.800
3.204
4.090
5.630
4.850
3.800
2.980
4.380
3.870
3.370
3.750
3.200
3.970
4.380
2.060
3.730
1.466
2.900
3.620
3.200
4.070
2.622
6.347
2.680
2.540
3.269
4.800
4.220
3.890
2.328
2.648
1.822
3.820
3.220
2.250
3.031
2.380
3.330
2.310
3.620
3.007
2.770
4.920
3.862
5.120
2.100
2.990
3.510
3.160
2.520
2.010
2.800
4.750
2.970
2.990
4.120
2.330
3.079
2.900
3.440
4.070
3.010
2.420
3.370
4.980
3.800
2.980
2.610
2.380
2.873
4.521
4.010
1.790
4.708
2.560
3.291
5.830
3.392
3.130
2.189
6.330
5.200
3.390
2.336
4.200
3.128
3.068
5.720
2.970
3.850
4.040
3.610
3.380
2.130
2.860
2.880
3.000
3.400
2.330
2.590
2.590
2.540
2.870
2.170
1.739
2.659
2.071
2.920
2.890
2.488
4.060
3.270
3.310
1.180
1.337
3.641
5.510
3.330
5.330
4.127
4.530
6.200
4.410
2.910
4.280
3.420
5.720
3.870
4.250
2.760
3.430
3.690
3.097
2.450
4.250
3.764
3.440
1.502
2.535
1.228
1.324
5.046
1.890
4.730
3.800
4.057
2.569
2.870
2.860
3.820
2.624
2.958
4.530
4.790
4.150
3.126
2.642
1.600
1.580
1.835
4.180
2.307
2.154
1.510
4.420
1.340
3.560
4.640
2.785
2.214
1.692
4.627
3.660
2.530
3.780
1.363
4.180
4.500
3.620
2.990
4.854
4.883
3.780
3.870
2.500
2.090
5.137
5.377
3.550
3.170
3.820
4.280
3.560
1.391
3.510
3.200
3.130
2.445
3.796
1.761
4.340
5.210
2.980
2.530
4.638
1.831
2.973
2.451
3.540
3.680
2.943
2.415
2.450
4.720
4.300
3.890
5.061
0.490
2.875
4.970
4.430
3.716
4.180
3.270
4.280
2.920
5.570
3.750
3.270
5.240
3.480
3.310
4.330
4.540
2.030
3.134
2.720
3.080
2.500
2.190
4.680
4.130
2.504
1.756
5.310
2.958
3.740
2.331
4.030
3.850
3.380
2.970
2.760
3.406
1.409
3.004
2.590
3.030
2.660
2.510
2.940
3.800
3.170
5.229
2.670
2.956
4.150
2.480
3.230
4.560
3.360
1.657
3.480
2.130
2.034
4.721
3.649
3.440
5.119
2.302
2.712
1.160
2.744
1.947
2.010
1.630
1.025
2.092
2.004
1.720
2.210
2.410
0.678
3.152
2.295
3.660
1.840
2.770
3.840
4.360
3.390
3.080
3.710
4.410
5.660
2.489
4.438
3.021
5.670
1.560
4.750
2.280
4.520
2.690
4.270
3.990
3.040
0.851
1.528
4.080
2.850
5.959
3.310
3.290
3.350
4.400
3.180
3.540
3.699
3.455
2.187
1.653
1.573
2.244
2.300
3.760
2.430
3.506
4.670
2.820
3.610
3.460
4.130
3.940
4.180
3.450
2.780
3.600
3.390
3.090
3.570
3.120
3.180
2.770
1.680
3.290
2.750
3.081
1.980
5.076
4.580
3.680
3.520
2.840
2.860
3.660
2.270
3.170
2.890
3.300
2.610
3.010
5.740
3.000
3.600
2.914
2.980
2.150
1.754
2.080
4.700
5.921
2.502
2.010
3.086
4.146
2.155
3.360
2.957
2.129
2.263
2.124
2.315
1.483
3.540
2.358
1.299
1.870
2.520
3.650
4.120
2.363
2.070
2.428
2.323
2.310
2.067
1.305
1.601
2.191
2.092
2.130
2.070
4.693
3.163
2.624
3.618
3.600
5.190
4.487
2.763
4.706
2.618
2.230
1.675
4.762
5.137
2.362
4.350
4.009
4.170
4.200
2.990
3.690
1.332
2.520
2.655
2.217
1.009
2.302
3.690
3.120
4.660
2.810
3.640
2.840
2.760
4.480
3.760
3.820
2.598
2.700
4.208
3.460
3.423
3.150
2.380
3.600
3.477
2.990
4.660
2.831
4.260
0.334
1.118
0.796
0.548
0.800
3.190
4.940
2.927
2.070
4.523
2.023
5.215
1.458
4.570
2.490
1.733
4.720
2.914
3.582
4.090
3.360
3.450
2.170
5.040
5.824
4.710
3.120
3.590
3.270
3.160
2.923
3.493
4.320
5.120
1.254
1.970
2.880
3.530
4.630
4.160
3.370
2.690
1.855
4.420
3.020
3.620
2.840
5.328
3.360
3.750
3.770
3.770
2.735
3.110
2.618
2.111
1.783
4.270
0.723
2.137
2.103
1.209
3.113
2.130
1.827
1.558
2.746
4.280
2.381
1.519
1.426
1.628
1.842
1.820
2.132
2.616
3.650
3.220
2.940
3.070
2.920
2.300
4.170
3.080
3.360
4.870
1.677
4.410
4.630
4.840
4.890
3.270
4.050
4.230
2.738
1.381
2.567
3.670
1.254
0.910
2.193
3.036
2.488
1.020
1.405
2.667
2.361
4.230
1.780
5.387
3.300
4.854
5.602
2.700
3.690
1.785
3.660
5.200
4.810
4.620
4.240
3.370
3.680
4.360
4.160
4.890
3.230
4.440
4.480
4.300
3.690
4.000
3.910
1.920
2.920
2.570
2.570
3.730
3.850
5.070
5.110
2.960
2.570
3.280
2.940
3.150
3.250
4.520
4.040
3.860
3.190
3.840
3.680
3.480
3.743
4.780
2.950
4.410
2.410
4.290
2.530
2.130
3.680
3.670
5.430
4.040
4.130
3.370
5.120
4.850
3.380
3.250
2.570
3.160
2.050
3.420
2.310
3.740
3.810
3.750
4.650
4.550
2.480
4.260
3.500
2.660
2.880
3.090
4.080
3.470
3.660
4.050
4.390
4.400
3.910
4.770
3.250
1.940
3.530
2.310
2.241
1.705
2.246
2.528
2.191
2.570
2.930
3.230
2.990
3.570
4.350
3.640
2.310
2.000
5.220
3.180
2.520
3.660
4.710
4.046
3.680
3.700
4.550
4.330
3.770
3.250
3.515
2.970
2.710
3.530
2.830
2.840
3.330
3.780
2.840
3.120
4.860
3.390
4.370
4.750
2.670
3.500
2.340
3.580
3.780
3.130
3.140
3.130
5.000
5.100
3.040
2.320
2.514
2.523
3.570
1.544
2.207
1.930
3.550
3.886
1.283
3.720
6.090
3.420
3.750
1.729
2.070
2.409
2.720
2.946
2.950
3.910
3.690
2.540
3.110
3.140
2.180
2.190
3.420
3.030
4.360
3.590
3.490
3.520
3.110
3.760
3.026
3.230
3.080
3.710
3.220
1.980
3.680
3.650
