405
544
294
99
222
407
527
362
183
459
269
215
422
443
486
497
525
191
226
581
458
614
21
121
414
279
513
275
570
71
198
326
500
413
32
387
576
113
91
406
444
184
162
154
169
431
276
197
391
541
292
44
90
449
575
397
506
192
532
496
602
171
485
409
66
267
509
242
237
361
311
567
59
8
537
258
492
53
220
357
636
141
606
243
264
227
394
558
145
207
190
588
508
432
595
516
109
388
232
20
105
51
376
94
641
585
495
134
623
307
110
96
356
331
365
328
246
561
402
104
156
23
133
344
467
238
515
56
3
592
253
469
512
476
163
489
179
35
384
598
309
135
579
633
501
616
262
389
72
378
33
320
1
618
318
11
612
17
241
360
136
514
573
528
293
115
559
46
629
346
433
564
200
550
181
637
178
57
266
327
370
126
517
349
158
536
80
416
372
98
435
426
74
28
625
511
9
571
106
27
375
123
334
439
209
216
189
150
138
634
193
524
590
38
63
323
188
542
306
477
159
214
185
36
313
211
350
206
280
348
18
351
538
430
89
208
547
345
305
419
403
610
441
167
448
228
0
587
557
543
296
5
82
297
562
284
609
507
58
440
574
615
224
212
374
632
415
52
594
199
168
244
76
176
300
93
452
545
13
164
498
236
355
420
173
583
488
79
160
229
299
505
310
470
239
596
631
55
97
139
468
223
255
298
605
73
175
219
518
119
108
371
521
128
337
385
316
254
180
392
144
315
102
278
322
259
603
161
465
137
417
29
155
248
285
400
490
303
152
578
312
16
379
7
342
271
147
456
617
47
482
418
491
483
475
577
353
461
19
6
132
165
582
256
196
329
240
12
560
556
620
10
174
140
64
230
553
142
225
478
221
118
203
333
481
639
148
447
186
120
92
213
586
552
78
364
112
359
425
107
187
68
424
151
358
393
436
462
604
149
43
62
153
245
325
336
340
383
427
434
479
554
282
83
114
412
182
352
85
218
170
304
484
584
103
466
194
4
172
354
437
86
87
2
70
270
272
471
520
539
546
600
638
338
210
611
39
69
472
201
423
457
281
399
589
302
195
410
395
499
205
61
510
252
166
373
404
50
77
257
314
386
301
273
580
31
347
593
131
339
438
234
503
535
22
41
143
260
265
566
626
204
37
368
377
464
26
45
250
295
369
398
401
411
451
480
531
551
563
568
591
601
321
367
548
277
289
290
455
261
597
30
380
533
526
81
381
473
565
177
324
621
624
65
15
129
555
127
202
622
54
341
463
319
287
343
429
474
519
599
640
100
291
408
534
382
14
442
67
263
268
288
317
363
428
613
454
24
25
101
217
274
572
619
95
116
445
529
628
494
635
111
332
421
446
453
34
40
42
48
49
60
75
84
88
117
122
124
125
130
146
157
231
233
235
247
249
251
283
286
308
330
335
366
390
396
450
460
487
493
502
504
522
523
530
540
549
569
607
608
627
630
