555
1025
219
266
754
922
1050
761
0
917
733
1067
1106
576
627
744
298
529
482
86
1033
343
939
988
618
621
677
851
294
588
254
1061
1008
893
429
778
1085
918
716
603
344
9
109
1127
62
951
511
188
861
711
360
790
710
127
592
248
48
323
925
262
24
518
1070
640
424
986
965
318
428
807
694
1018
884
206
946
899
91
832
161
583
274
111
1116
740
195
174
330
373
492
1039
493
717
432
659
412
169
405
486
695
949
422
60
414
32
816
481
804
1027
582
824
410
449
745
479
537
305
636
812
1113
488
900
644
849
852
495
730
961
552
858
560
498
723
381
827
867
115
320
1037
164
150
981
1089
379
1095
292
728
329
968
341
885
337
79
179
117
404
89
935
181
382
792
1117
995
517
448
370
772
243
654
260
578
354
250
561
591
1028
38
47
290
23
1046
65
191
476
871
541
866
557
21
1026
863
96
996
936
411
1110
273
597
901
101
1090
877
225
451
70
1052
672
71
675
941
928
864
64
652
473
904
184
742
990
703
586
8
530
167
533
76
510
217
421
261
295
662
707
748
374
396
622
353
502
1093
95
419
172
902
291
297
758
525
678
1120
633
1014
1094
279
160
53
137
656
739
226
991
131
905
203
513
220
700
1109
1064
504
133
480
1072
1086
200
401
907
729
468
688
375
913
26
685
27
175
263
593
398
536
362
67
721
265
674
441
997
270
797
507
894
1021
28
727
869
1034
364
604
54
799
956
872
1107
701
106
927
378
658
325
725
655
326
317
607
1042
1058
973
369
940
149
1077
765
775
125
1078
838
661
1124
938
570
233
258
1111
182
756
963
417
837
548
272
171
310
218
915
795
681
546
185
746
908
20
348
43
1115
523
394
833
1036
302
145
977
647
75
204
514
844
433
888
319
696
970
122
163
585
829
623
1
760
964
847
158
81
80
85
883
1087
102
1060
136
774
738
165
803
683
456
543
69
563
1022
515
418
49
862
68
764
100
950
984
846
132
1125
442
910
933
228
957
389
802
322
223
156
1056
288
420
213
648
669
308
6
402
485
848
224
686
596
966
406
809
368
522
126
471
587
37
140
293
692
90
483
699
97
287
512
1100
916
496
313
1043
303
813
580
1084
1092
932
229
1019
340
469
650
427
192
930
731
798
176
750
521
637
31
860
2
985
724
911
579
1035
547
423
123
791
147
920
377
1104
549
610
7
979
42
392
874
356
817
10
134
601
222
660
562
828
430
304
615
186
46
259
110
912
759
670
215
568
971
338
166
98
312
227
1045
347
574
1083
63
236
407
664
914
749
278
13
890
959
1030
426
718
1098
653
232
834
785
796
238
387
201
113
280
18
121
380
645
346
397
235
1017
1024
566
680
1065
602
465
464
484
1005
268
357
170
567
1053
801
682
814
544
1118
29
719
708
328
630
651
1121
788
534
873
425
168
736
11
625
787
896
1001
87
1020
36
157
909
1007
307
617
1123
741
634
245
324
559
780
784
687
66
116
668
1015
826
855
365
453
367
702
800
497
358
1082
88
40
770
853
962
1032
306
315
159
691
1105
487
850
993
371
969
246
376
528
1071
58
22
339
289
282
138
92
114
679
608
489
519
210
316
467
726
805
840
943
1112
1029
527
952
1059
461
458
1031
311
789
474
870
821
842
892
1038
73
269
327
611
257
781
825
57
189
982
612
783
794
628
638
151
264
954
5
1080
876
234
1013
459
142
463
212
237
33
124
399
642
386
56
271
94
1096
776
1000
632
1074
349
439
929
275
3
879
697
766
531
755
83
52
216
242
314
676
82
383
539
722
1010
105
255
281
551
763
967
1063
1119
1006
599
1023
286
590
336
948
244
51
690
793
19
491
856
72
207
768
831
139
556
819
135
296
705
119
649
577
857
154
199
44
898
1101
30
987
1040
15
434
945
454
128
300
808
214
241
253
1066
41
605
231
256
1075
806
666
162
508
955
626
240
503
992
891
698
944
689
99
309
34
924
868
895
836
352
408
646
830
878
887
1049
499
205
575
569
1081
178
1102
773
665
545
301
779
120
958
230
141
208
505
299
747
921
974
1009
400
276
450
822
976
1069
1079
641
1051
321
1076
390
440
285
526
919
934
77
221
345
1122
16
361
839
351
194
558
180
415
1012
1011
815
462
671
823
55
572
994
332
470
516
393
446
524
713
743
757
926
937
978
1062
1103
211
550
931
1048
573
693
363
923
762
589
59
155
571
983
975
1097
1055
972
865
875
998
1099
4
334
704
187
247
457
629
714
130
14
584
906
103
1004
93
753
624
657
455
391
1054
45
777
445
198
331
506
35
478
542
452
616
153
283
384
598
403
490
581
845
444
17
882
447
835
1114
409
146
460
667
1108
606
350
475
752
960
118
435
613
385
663
820
61
74
148
177
190
333
359
388
395
472
564
609
635
782
880
889
903
1126
732
942
466
709
769
614
786
538
553
631
129
477
594
989
108
841
1088
84
437
501
706
144
980
720
1091
643
202
953
12
535
173
600
50
196
197
811
1002
39
25
152
193
284
366
438
443
509
620
673
854
1016
1073
209
78
104
267
554
897
1044
183
355
1047
431
532
771
947
107
251
252
372
639
565
436
520
540
818
684
712
810
734
767
500
277
859
1003
1068
112
143
239
249
335
342
413
416
494
595
619
715
735
737
751
843
881
886
999
1041
1057
1057
