2714
3553
917
3244
1325
932
3834
3783
2062
1285
341
2756
3004
3106
1329
1804
3242
2067
3787
2233
1091
1284
3276
342
2743
3512
905
750
3431
319
3870
1595
3104
179
1283
2284
2836
1822
3497
3381
340
2110
1881
2213
2223
3270
877
3507
1758
2570
2158
845
3069
1659
240
3513
1797
56
2282
3658
1392
1082
2441
856
2135
2770
2398
1591
2575
1875
1720
72
3101
871
2591
1646
1598
1759
849
2582
2471
766
2071
29
3309
807
3818
3083
2229
1918
339
2784
1550
2101
1777
2612
3158
3715
901
247
664
3065
3172
2061
1657
517
3109
637
255
3012
3753
808
1575
3252
3213
2283
2301
481
2774
2116
2145
1837
3792
18
1597
3435
77
557
2405
2581
1883
2459
1336
1064
35
1416
2794
3485
3502
3221
1784
2552
737
3398
360
2340
3802
182
801
181
419
3612
1230
1879
1767
2094
762
2793
147
1819
3024
741
2470
266
2253
898
879
1740
73
1919
31
1083
3412
2278
2085
3063
983
2236
1239
865
3195
3642
1870
1673
3133
3694
595
1241
3819
884
25
2390
3036
3059
1306
638
3289
1331
1204
1042
742
1721
776
1937
3775
874
1273
3725
3777
564
3073
1216
553
418
3167
1511
2031
474
1829
3844
1923
2297
1655
463
2876
3600
3070
3434
3472
178
8
3495
1835
1874
1271
3533
2287
552
792
2768
491
345
895
943
579
752
1133
3072
2410
9
2185
661
1865
346
2692
1009
3176
3747
1010
3455
1498
1289
3354
421
254
1063
1093
2114
1845
2272
2508
2014
1656
3149
902
3841
3091
2199
3644
3124
2478
2141
2299
90
490
1512
234
504
1729
1130
468
2030
1144
518
3748
3702
847
1945
3081
3301
392
2454
3510
1084
2886
3613
3151
3329
16
1999
3556
2799
2298
3351
3669
91
903
1772
2864
2490
3686
3064
2875
13
267
2900
1324
183
2238
3383
3699
2973
900
76
3184
226
640
1584
1426
968
2064
2103
2176
150
1596
2367
2781
1558
859
2153
872
2595
942
833
1783
2035
2792
3648
783
2102
251
1933
945
1741
2809
3649
1505
3287
3568
1768
3011
2191
3773
3055
894
408
1762
1833
672
12
1769
1712
3685
1755
2832
450
23
627
177
522
717
1928
1934
1631
2335
824
2068
2772
3302
3535
2357
1208
1677
961
2964
853
1801
756
3203
480
22
3898
347
812
1000
387
759
3595
238
788
2699
604
1725
3770
3735
1719
2092
1640
2479
2711
2934
2610
2353
993
1272
1745
2959
235
2702
1770
848
3896
50
3477
2620
144
1660
1753
2675
3683
291
2425
3766
1501
121
219
245
2442
2160
1214
2395
40
138
2834
551
544
2165
3066
252
1839
1603
663
17
1892
426
45
501
1732
3186
2212
6
1746
1830
2690
2481
823
1639
189
232
2558
1312
2028
623
3048
656
1581
1189
714
3462
1709
974
1205
3212
3614
784
1878
988
1469
858
2156
1701
312
2873
3752
451
811
2348
3173
1360
2653
1632
3122
1497
3473
164
982
3291
1421
666
916
3161
3332
1552
197
3363
1092
538
2467
868
1332
1778
54
3437
3830
949
2004
2496
317
2036
2041
2589
89
2166
3330
802
3018
3002
3827
2372
3837
1266
1201
503
415
2469
771
2918
30
176
3560
465
931
2716
268
2456
2210
556
2050
1300
1518
497
3823
1371
2125
3113
411
315
1052
1650
2532
3707
1718
3305
3322
3476
3359
2596
2537
1592
1542
2993
782
1961
1828
2
1824
1424
3190
3467
3295
920
1793
307
11
187
886
1233
2663
1969
542
241
2104
2485
2211
3872
1549
2482
2745
1893
1132
1237
129
1274
3041
2648
3579
1288
939
3597
1447
3297
2652
1223
2841
3463
191
204
2078
264
2450
2583
2912
669
887
854
1911
3617
3051
3860
413
1880
2729
3906
85
1293
2008
846
549
1168
758
3403
350
2444
607
1282
1487
599
2423
3043
3281
326
2083
1486
1586
890
2045
2695
606
438
1333
1618
36
958
2701
2954
1574
2012
3233
739
2033
3582
2890
2109
2170
732
996
457
1161
1756
3701
3829
3875
3130
816
2945
1405
2483
3599
1339
2634
1159
1412
2685
3742
3643
3368
3358
3377
822
3217
966
1931
74
1450
3588
1055
2169
505
3097
1576
979
3356
3380
994
3132
3372
866
512
1747
3598
1056
3886
2163
2307
495
2257
3228
1357
1641
1676
875
361
2455
3490
2077
357
1544
3552
3439
3810
1190
2892
1909
3068
2881
586
2203
1795
519
864
1047
1441
33
81
131
82
2058
2304
804
3602
507
722
3438
2055
2292
1101
3357
1402
123
1429
2300
850
2757
423
1409
1415
719
2100
2057
642
2908
3261
3883
1674
2188
827
1278
1714
2277
1636
878
2840
1049
2539
2266
2741
368
1528
3760
1821
2279
924
3014
2162
3416
975
3461
3547
3300
1553
3785
3401
744
3666
1638
1800
1775
1095
3673
3719
1048
3407
1475
1915
2883
1236
2602
51
675
1089
1669
3199
513
1490
158
704
3150
3337
3711
3812
1249
2789
1817
746
1442
2921
1612
1038
3498
3631
124
617
892
1711
1253
3352
295
3836
2214
510
625
2124
2225
157
962
3759
1666
724
285
928
1263
1265
1454
2159
2131
1798
478
2717
2303
3263
3557
3406
3651
911
476
1058
2073
927
2369
3138
526
186
3269
256
813
2052
3824
1929
1649
3115
559
1257
2262
1209
1422
3378
2049
3515
1658
838
2461
83
2205
826
740
1984
1866
3907
725
1856
139
402
821
1202
2422
2237
278
1788
2631
3530
1171
2600
2722
1885
3023
2497
2230
2970
3092
2514
1705
2642
636
2122
1761
2849
3336
2555
933
2290
3153
948
1242
1527
1963
1926
2168
1037
2093
2139
668
2415
1373
2252
3118
1404
1872
957
2148
1247
3676
1671
3627
1978
3125
2446
3389
3744
2720
2090
1535
2060
3189
3538
3030
2026
3890
1066
1962
3621
678
1599
3350
2670
965
2753
3641
692
1444
2024
1196
3484
469
1686
1579
3857
2208
2256
1868
3419
1228
3630
2586
3608
1431
2749
3405
236
571
3272
1017
1235
2835
1316
3682
2956
981
1787
2404
938
1122
1147
2138
2845
1225
1326
2837
3581
1764
3884
712
163
1030
1451
2687
2521
1491
3566
1157
1509
1803
2851
3425
2187
1434
2222
420
1452
1635
2814
3763
1260
1320
3504
2561
648
3508
3629
3454
1809
1014
53
395
1811
3249
57
2678
2857
3587
412
1492
1443
964
1327
2011
1536
165
1876
2579
1566
3864
1736
523
1128
2989
650
2517
1081
3255
3127
3165
844
1432
1930
3187
2771
540
3927
1889
304
2758
3726
1514
2902
1708
2736
1943
646
2824
3492
3768
253
2597
2627
1334
3005
3616
2486
3034
3408
1399
1578
3551
767
2484
2932
3119
3308
2350
2916
629
1681
2821
829
2218
3262
48
1043
736
1323
2707
3850
1789
1988
211
1243
432
1901
3932
1414
509
809
3449
3209
2207
2823
1185
1139
1251
543
596
2370
201
296
1390
1436
2761
3306
200
3716
1877
3271
3395
225
2336
2751
1160
947
399
410
2231
24
313
2728
1269
2354
3569
1053
2175
2554
2189
1863
2120
1275
2161
3208
2192
881
2151
1844
1504
575
896
1483
1281
818
2994
1193
1496
3
2411
3388
785
3414
862
1902
2746
2107
1600
400
1276
2990
2972
1376
583
558
3078
2408
3342
3316
406
3386
3849
259
3076
14
545
1078
1846
1299
680
2196
2922
1374
391
1852
2572
923
2228
398
1051
3636
3025
3809
2302
185
976
789
880
2872
1466
1537
207
68
1245
2504
630
960
1403
3253
3717
407
653
1951
852
730
2048
508
2654
3833
2126
2697
3652
3071
3871
1593
1129
2557
1389
1500
2347
3232
383
2468
3050
1547
1615
1757
3540
1862
3427
839
2069
2613
214
2637
152
700
3214
716
1428
2854
2413
3820
1127
447
631
2164
2599
2910
3689
3452
1395
1410
1229
1543
1924
1997
2075
2402
2683
1538
288
2432
3680
2551
3394
956
2507
2400
1291
3664
88
912
3771
1556
2183
1812
199
3732
555
3624
3371
3567
2275
318
1966
2889
2944
2194
378
2518
3169
3365
1001
2152
2129
3899
621
2306
619
1859
1910
1594
370
955
1121
748
3204
1194
2847
2961
117
270
3433
1922
0
2661
860
1890
302
2655
2344
3693
1981
216
1456
1203
1670
159
537
2828
218
2493
1090
2488
2574
2076
2553
1672
1685
2254
297
600
1177
2082
605
1021
805
1071
3319
1152
2242
2985
1979
603
1044
828
1457
1262
2833
3868
3375
193
1900
1774
622
2437
3028
2040
2967
2066
359
292
3392
1154
2265
1219
685
93
2371
1097
1704
3677
118
1954
1125
3577
1027
1425
496
369
3197
2584
97
2715
2976
3397
689
2173
2219
2957
358
2855
548
2764
2877
582
770
3123
3659
1609
3188
1041
2906
3026
705
3486
78
3825
1379
1927
3506
1965
3315
1148
1020
2978
229
3047
3409
2249
365
687
1781
2842
3554
3148
3606
3174
2709
1495
3035
565
1726
525
3671
3183
233
3268
27
2039
2947
3873
531
2096
1143
2147
1439
1987
311
3822
587
1516
3058
3393
1850
3517
1785
3304
3619
1847
2601
3145
485
3382
1118
3529
1644
3877
2063
2899
2965
2224
695
2070
3154
635
2641
2263
1023
694
1252
2407
84
2874
192
2473
2363
757
371
1199
95
3782
2174
1002
793
2492
444
686
2259
1519
2708
2288
3718
1393
3067
3099
1279
3656
1401
1663
2312
755
3022
3288
3318
3155
1857
3859
3915
3275
1407
597
3027
2565
3863
493
1628
2795
1605
3156
2154
289
1420
66
1406
1974
3200
3008
1267
2317
2971
220
3928
1765
2536
3029
2659
2731
1848
1972
101
1571
751
2676
473
2737
1366
1882
2274
3112
1007
3891
108
381
584
2633
3900
3867
2339
1018
338
3575
3705
366
397
1532
3341
2146
1176
662
665
2089
2901
3333
3334
2549
3134
3310
1396
2327
209
831
2426
2987
71
2215
422
1611
367
327
1820
2609
633
2649
1138
1358
1742
2879
2562
3121
1033
298
1939
2200
3793
2703
2966
840
1482
1531
1630
602
710
1695
3603
1842
63
2434
888
2556
3284
230
3347
1699
1760
15
260
3633
3475
2593
3807
332
1906
2962
3795
2606
1985
1455
2666
760
1067
2245
2246
3020
1114
1867
3639
527
356
560
563
300
170
273
58
102
3207
1264
660
2816
3013
2029
2480
1296
2403
453
1748
2512
3229
1680
2787
2280
2487
2590
3331
1039
2130
679
2143
1025
561
1485
2466
2710
195
2991
198
1353
2503
257
1977
3426
301
1653
1165
429
647
1664
1368
674
681
3159
1098
659
3085
2320
2629
2206
2660
921
2614
3466
2047
460
479
2607
3362
2621
3800
1352
1794
3171
2594
2406
2321
2540
1356
2788
3610
2044
3733
2095
2769
3164
761
572
2385
3054
1488
1534
3344
3838
3917
1792
1585
834
3745
1573
2505
2577
1477
2009
2693
1206
1869
3706
1838
971
184
3360
3749
1003
2345
2936
3391
60
1259
2373
2727
2860
3385
951
3730
1459
3094
3794
940
2871
1297
1387
3541
3493
3571
38
424
1453
3374
2409
1026
3625
3865
2810
3307
997
657
2898
1348
2632
1634
1946
2255
2887
2260
3813
3191
1840
1976
2387
2780
1319
3039
1006
1227
2377
231
41
2742
2439
3925
354
3724
2519
355
524
1539
3731
691
1367
2438
1968
3491
1013
3464
2744
3135
1786
2861
380
1430
3618
891
2025
2931
1372
3881
4
1035
2193
2739
3141
2190
3250
2472
3198
1993
2220
593
2523
3355
773
1140
263
1419
2374
2622
1506
2133
52
416
2748
980
2542
223
2680
1713
2712
1864
2217
632
1112
2895
2142
1198
3170
2268
3103
2706
3746
1304
1440
1008
2856
166
1710
2933
3299
3637
3095
1750
3258
3061
1545
986
2329
262
323
2181
1462
160
2765
3918
362
1065
1270
2894
612
1702
2267
1458
436
2923
1062
3797
910
926
1305
3852
1070
3206
3762
3885
937
1601
1022
1960
3826
1633
79
3260
2525
308
1146
1998
2811
3294
3670
2440
3681
3222
3251
2243
2465
1246
1517
620
1614
2796
86
3147
3589
1654
1790
2760
3578
1446
94
2688
477
3480
466
1570
743
2065
3420
2375
1668
1956
2316
3278
114
1473
2807
1763
3384
682
2588
667
1802
3293
566
726
1481
1690
3914
950
3201
3243
747
883
1743
1461
3544
1533
105
242
972
1907
2005
2324
43
3862
492
3780
1779
2338
3096
1724
2766
3178
2209
1321
3010
3410
3901
1697
2520
3874
310
1825
3045
3542
2059
205
2567
3311
467
639
2827
2940
428
1362
2054
3550
3468
3897
779
217
1365
2334
3489
3661
3926
2531
3519
806
59
1607
287
836
2180
375
2313
458
143
2399
2418
3180
373
1418
1427
2105
3751
2506
618
1831
1871
3110
443
2021
2118
1123
1805
2884
1958
352
699
3798
2752
2462
1905
133
3224
282
1810
908
1944
1957
1992
2535
906
907
2975
314
2007
2863
2569
3572
2241
2356
3563
2865
3561
1858
3546
589
2419
3102
98
404
825
1836
3379
2276
2907
3296
3583
1834
2250
113
475
2388
3338
2738
723
3202
2664
96
2235
1843
799
1349
1853
2296
2087
1034
2037
67
279
280
655
2524
2134
2502
2017
2526
2674
539
541
2447
2888
3107
1254
2167
2730
1606
2669
173
3057
867
2953
3353
2726
2598
37
1322
293
309
464
2813
3226
1238
2355
459
3501
382
3114
1398
2111
2862
140
3854
3339
893
1964
1841
1151
2608
3175
2079
321
2013
3235
3526
1722
1734
3245
228
729
2074
3328
3421
899
3522
2431
1231
1827
1894
328
2926
3727
142
2475
1823
2232
3220
3668
3192
277
1860
1411
1117
3361
3713
3848
1292
405
3778
1175
294
2925
3576
1019
2097
44
1110
1975
2150
580
1555
1569
1691
1551
2986
3580
1150
1479
1925
2803
3709
61
1445
2980
3697
2157
1068
2326
337
125
2117
2783
2364
2384
2080
2691
3327
2281
3856
3640
5
1388
2668
718
2184
442
2868
644
3335
3400
1773
305
2511
577
754
1040
34
711
573
1913
2984
3231
3916
1004
1814
3430
803
1120
1307
2974
1045
2782
3152
985
3520
3482
2006
2391
1015
1113
137
146
857
1158
1832
3909
325
1513
715
1460
2018
3340
3662
2734
2221
2625
3665
1096
1730
2942
3436
1195
379
10
2616
1344
3457
1069
3835
2019
3804
3767
3060
3219
3690
1948
2592
1380
2580
206
706
3136
2332
2528
3805
1248
2950
2380
515
2429
2195
2106
2084
3628
2548
1912
1046
2204
2839
2919
482
258
3831
3930
963
276
2038
2495
2498
3404
3565
973
3528
1016
2349
3879
1515
733
676
998
2264
1335
3912
1075
3604
3887
2992
227
299
1134
2271
3573
3413
3458
3496
1011
2042
3210
3017
3623
384
581
3789
2509
3040
585
673
3558
2128
3774
727
3345
1995
69
1244
136
2647
554
2023
2401
2491
2559
2870
1354
3131
1135
1971
2449
2624
2723
3448
1377
2527
1169
1172
2958
425
2665
3282
1077
2694
3218
70
303
3757
701
2510
431
797
1648
3904
3424
989
1480
1888
873
1250
3514
3274
536
562
2501
274
2112
3227
47
171
2358
1651
3140
3324
148
2882
3211
62
528
3816
87
1149
1932
2424
3698
944
385
1375
728
1394
1727
3646
430
1164
2790
92
2333
472
953
2453
3075
2969
1109
3908
2319
2587
3779
2261
2913
224
1557
904
1111
1182
2853
731
798
1108
156
1345
753
1361
221
2002
3422
869
2172
2858
3162
3364
3548
1173
2144
190
546
720
1028
3861
456
1311
2897
343
697
2585
3146
435
1507
1508
1313
1385
3846
2914
3459
3647
616
2636
1613
3088
172
3259
1700
2494
100
1687
3280
1688
3292
3163
3931
388
396
3157
3910
3796
3776
2396
1623
2776
3821
498
876
1643
2979
533
677
1170
1771
3086
1400
1642
1131
1744
3446
1080
1465
128
243
3126
2759
3692
331
2968
749
1733
611
3417
1059
709
1258
2905
3772
390
1696
2939
2251
2258
2844
2137
2291
2576
2650
2477
3687
3044
3574
246
1192
2929
3761
532
574
1213
1215
2115
3387
353
1338
1359
212
213
511
935
954
1220
3456
3478
520
2946
1694
918
995
2414
3166
3264
3722
3808
3562
1851
1153
3888
2430
194
196
768
2635
348
3570
591
3740
765
643
1689
454
624
1351
3120
2121
445
1895
3521
3609
3266
290
1116
3657
1715
707
930
2463
2611
3346
393
987
3423
153
3892
3620
1559
863
1115
1807
2885
3675
529
2534
344
999
2852
1716
2943
1474
441
130
1191
1234
1470
1510
2618
2640
2997
3223
3483
1448
922
2309
3326
2489
265
1057
2679
119
500
1903
3313
3919
1524
1717
2843
2001
3712
2963
3248
1054
1085
3601
3611
919
1384
449
1119
1471
1525
2951
3500
914
614
2522
2700
2941
2681
2801
439
693
832
1652
3585
349
780
3033
1187
3003
3592
417
652
3539
269
1232
2672
702
2915
530
576
769
1766
2227
2903
3230
3314
3790
306
1378
3534
122
837
925
1280
2949
3847
49
1294
592
1086
1314
2182
3273
790
2651
3117
3390
134
1604
3786
440
1568
1989
3143
835
168
613
3082
3348
521
320
1106
3042
3193
1625
3366
374
1005
174
494
651
671
2361
1163
203
2072
2999
2733
2098
2123
3754
1752
3559
2352
3531
703
1521
3511
3788
2416
1855
696
3545
2686
3129
3605
169
414
1309
3267
215
1540
2804
2867
3555
2977
99
1577
1580
1583
1950
774
21
65
249
1942
3806
2604
2365
1342
1983
2564
3756
161
1707
1854
275
281
283
284
1222
3440
3674
3889
1908
3196
2201
2775
3474
1562
3001
1637
1861
1986
2563
389
1782
2443
929
180
324
2605
3591
403
2379
1682
3006
1478
3181
2247
2924
2909
534
590
1295
1693
1941
2389
2850
3376
698
1616
2171
2619
3236
3911
39
271
462
654
690
735
791
794
889
946
1073
1099
1174
1207
1298
1541
1662
1665
1667
1754
1917
1952
2000
2015
2020
2046
2081
2113
2140
2202
2269
2308
2457
2639
2673
2677
2689
2705
2911
2948
3105
3128
3303
3349
3369
3370
3442
3443
3743
3764
3839
3840
1564
3634
3720
1183
3594
2927
2136
2930
2544
2626
2412
2513
3317
842
2630
329
1610
810
1738
2310
483
764
815
817
915
1386
3037
3052
3056
3402
3460
594
934
1502
1503
1735
1949
2027
2328
2571
2662
2996
3032
3046
3093
3445
3216
3257
2003
2981
3286
3465
3660
3845
1107
1484
634
1224
1468
1621
2543
2802
3009
626
3323
3415
3536
1617
3074
1967
1887
2179
2682
3265
244
250
26
2360
248
437
882
897
1186
1301
1302
1317
1369
1897
3098
3638
135
941
1619
3523
3537
2656
3895
1647
3432
155
2056
2305
1959
1996
2500
3842
1916
162
1799
3653
1433
1873
2362
3902
3924
2773
2786
2684
386
488
1904
3781
455
775
778
210
683
1072
2359
3880
3038
2394
1884
3283
3765
1408
1749
1079
2053
3325
104
1626
2119
336
3239
3246
514
2476
1678
120
1103
1188
1308
2248
2763
3450
2878
109
2086
1891
1102
2295
2427
1
2244
286
763
1703
1818
2566
3016
610
1261
1739
3549
1012
1180
1315
2311
2474
3758
2381
1991
3799
202
2826
3429
2573
1973
745
3524
3695
970
2010
2034
2376
2735
3077
3279
3739
870
1896
3100
547
550
855
1330
2822
1684
1217
1337
2617
3418
3256
19
1602
2315
3298
335
1100
2051
1572
3254
1382
3923
1364
1166
2420
107
272
330
372
645
649
1467
1472
1526
1723
1728
1731
1751
1806
1813
1815
1816
2178
2341
2386
2464
2516
2754
2817
2904
3019
3021
3182
3532
3645
3667
3672
3866
3922
132
363
409
516
578
992
1155
1417
1554
1936
1940
1947
2043
2216
2451
2725
2740
2831
3470
3494
3700
3801
786
936
1938
3703
1060
1211
1167
1328
1355
1546
1563
3007
3137
3139
3679
1898
2293
2533
2724
2960
3913
1210
2603
1032
1181
2499
1184
3487
2318
2397
1240
2022
2545
1565
3596
2750
3632
3607
1530
2747
3832
1363
461
1692
2198
2546
3373
145
167
208
261
471
499
506
567
569
615
628
688
795
800
830
843
851
952
959
1029
1036
1061
1087
1088
1126
1137
1212
1226
1255
1268
1286
1476
1489
1493
1494
1499
1629
1661
1675
1698
1955
1982
2016
2032
2155
2186
2197
2234
2273
2330
2343
2366
2382
2433
2445
2452
2547
2568
2578
2615
2623
2628
2645
2646
2698
2704
2719
2838
2920
2928
2935
2937
2938
2952
2955
2983
2995
2998
3015
3079
3116
3179
3194
3205
3225
3312
3320
3343
3367
3479
3481
3499
3615
3622
3650
3654
3684
3688
3691
3704
3723
3728
3734
3736
3738
3769
3784
3851
3853
3876
3921
446
601
608
2880
2805
80
46
149
470
502
568
787
796
978
1142
1310
1350
1622
1780
2099
2108
2286
2421
2638
2671
2696
2869
2891
3290
3471
3525
3593
3791
3828
3843
3882
1886
1024
3234
1561
2846
3869
2643
2541
1346
1970
2812
377
2917
3111
820
3729
127
151
154
401
814
1104
1178
1370
1464
2417
3049
3062
3428
3441
3451
3453
3488
3710
3721
3741
3803
32
116
141
535
1145
1277
1920
1921
1980
2314
3160
3321
3814
738
1935
1953
2393
3080
3108
3855
2778
3238
3893
7
111
658
684
708
713
721
1050
1076
1218
1706
2351
2550
2721
2819
2830
175
110
2337
3087
434
1383
3584
322
3663
1529
2798
106
115
489
1523
1627
2088
2436
3678
3714
3811
3929
351
376
734
990
1397
1645
1796
2392
2428
2791
2797
2800
2815
3031
3090
3237
3240
3241
3543
3920
3527
103
772
777
1423
1435
1437
1438
2226
2239
2240
2325
2644
2732
2988
3285
3399
3586
670
1318
1560
1608
1849
2458
3469
3590
2779
1105
2825
2896
3444
3447
1141
55
3142
1341
1343
1381
2820
1679
427
1347
1449
2893
3878
2091
2538
2806
2289
3396
1162
1990
2270
3177
3185
609
1221
2378
433
2149
2515
2560
42
570
781
1197
1200
1303
1463
1808
2127
2323
2818
2829
3144
3509
3626
3755
3894
3903
1776
64
1791
334
2657
2667
2866
3247
1094
2294
448
598
841
1994
2322
2460
2982
3277
3505
3655
1074
1290
1156
20
487
1522
2448
2762
2777
126
364
1031
1179
1567
1683
2368
2383
2529
2658
2713
3000
3635
3737
3564
1136
188
588
885
967
984
1548
2718
2848
2859
3053
3750
28
75
112
222
237
239
316
333
394
452
484
486
641
819
861
909
913
969
977
991
1124
1256
1287
1340
1391
1413
1520
1582
1587
1588
1589
1590
1620
1624
1737
1826
1899
1914
2132
2177
2285
2331
2342
2346
2435
2530
2755
2767
2785
2808
3084
3089
3168
3215
3411
3503
3516
3518
3696
3708
3815
3817
3858
3905
