435
635
371
570
655
125
754
565
633
422
662
344
547
734
470
377
160
382
720
616
490
41
491
111
100
647
628
372
777
89
280
638
155
80
387
657
672
61
581
452
514
449
676
502
815
437
302
324
409
703
804
479
401
87
114
457
392
285
105
442
805
83
388
447
361
416
137
360
498
77
330
541
746
68
408
121
299
101
327
739
494
99
432
12
75
677
737
10
316
358
545
568
608
478
459
722
144
612
364
448
281
463
770
529
660
780
723
701
740
495
696
469
326
284
537
704
215
118
73
128
525
130
675
45
558
439
81
347
374
175
779
391
601
76
413
43
334
551
596
7
232
571
113
271
104
747
328
742
795
813
420
399
492
748
69
50
65
796
636
736
146
712
300
338
63
759
506
673
719
508
560
674
522
778
549
566
23
725
193
177
482
294
656
501
814
486
580
654
589
341
283
393
71
424
527
127
297
292
467
526
79
427
584
743
692
340
70
697
191
724
691
40
493
548
585
164
181
594
84
476
658
520
274
289
807
93
512
456
390
772
445
764
410
349
528
698
671
151
530
52
505
471
592
96
465
386
690
625
665
66
378
564
587
173
172
689
106
663
304
141
588
540
286
688
148
47
797
809
630
554
385
217
446
163
85
561
13
365
350
39
367
504
536
72
359
751
418
783
375
396
521
735
695
472
524
810
509
317
78
395
329
516
192
282
116
434
397
370
543
500
605
798
190
400
60
460
323
767
398
318
760
332
644
38
348
721
451
346
426
738
503
744
82
53
307
369
405
733
22
383
562
591
468
189
368
325
303
679
790
211
212
103
419
35
28
803
353
322
726
781
533
774
356
755
624
609
464
379
214
291
296
288
729
761
129
602
611
237
404
728
345
321
634
107
357
484
169
51
314
287
143
765
646
550
380
599
267
661
185
705
308
90
511
403
745
179
555
351
149
499
557
234
694
776
590
301
431
750
631
108
88
411
749
620
238
182
277
593
802
440
664
333
766
174
607
136
758
2
542
652
639
293
309
455
279
162
481
577
640
621
11
574
474
653
170
313
384
194
276
441
138
693
727
260
92
553
731
762
373
485
428
515
250
415
429
233
126
489
86
699
94
135
507
8
487
546
123
133
224
670
9
579
178
718
461
453
62
247
716
567
648
310
450
231
768
352
613
686
423
687
67
259
188
627
156
228
270
14
519
249
711
268
523
757
496
433
54
31
414
58
363
91
598
629
25
98
597
253
18
819
97
610
811
583
682
407
534
582
483
715
793
229
785
623
42
475
394
195
34
789
37
56
15
255
681
794
336
741
180
222
466
586
569
787
320
44
650
159
572
488
119
305
210
556
575
235
458
240
614
150
198
223
312
381
595
788
714
799
576
707
354
702
417
444
538
220
362
717
773
808
730
115
139
184
462
619
245
262
684
27
510
480
659
227
366
700
732
207
273
552
713
213
756
782
792
109
275
298
406
425
775
800
278
606
708
153
166
221
295
95
74
617
152
443
112
203
46
645
497
218
578
376
473
477
544
600
142
219
651
615
806
518
683
436
343
389
55
171
251
236
4
64
531
140
637
201
165
242
604
817
355
1
438
21
269
517
311
710
264
678
3
124
216
649
257
30
161
186
430
6
120
337
539
753
771
816
801
26
342
421
626
669
786
573
706
16
0
157
187
622
791
812
818
239
402
632
49
199
33
256
641
685
147
331
513
19
261
265
117
36
454
252
17
132
603
763
258
263
680
57
204
248
154
339
226
243
110
319
532
225
254
134
167
200
643
20
208
784
168
176
769
244
24
131
205
412
666
241
535
618
122
5
29
32
48
59
102
145
158
183
196
197
202
206
209
230
246
266
272
290
306
315
335
559
563
642
667
668
709
752
