597
960
230
1621
1518
200
1162
1069
276
1058
1622
258
1035
818
273
435
1394
1154
111
1055
1113
225
655
16
1186
63
1720
1543
974
1677
296
1380
619
282
304
1623
1026
398
656
1344
456
734
669
1367
590
213
1159
1688
110
1759
1511
823
1064
303
84
657
775
156
652
1660
1049
737
99
1330
742
80
1717
1634
676
1021
776
1150
1059
1108
599
1398
91
2
1757
861
1784
295
1148
1780
1534
891
1719
1090
1718
1343
1450
1479
1461
1210
1054
1612
1342
666
900
153
556
1523
281
1533
1459
1334
720
677
998
478
733
687
806
1155
1156
663
980
1220
1617
1119
1532
1384
1254
1588
1327
598
654
1076
247
1576
1582
1131
888
1373
268
1538
832
1704
747
178
360
1522
854
1601
660
907
956
1091
647
163
118
1158
1407
1274
717
1258
797
117
327
673
310
951
904
409
1713
1635
1265
653
917
1351
605
610
1117
1665
1041
280
1196
1503
1774
816
1233
377
959
968
705
932
859
1517
664
299
618
1098
1391
1153
530
753
1463
1115
796
860
928
895
981
234
1181
286
1203
889
350
160
402
1756
626
265
157
1502
996
803
842
1462
1471
982
898
1127
1009
890
713
715
1650
1232
1494
141
778
1306
798
1301
70
1481
64
855
430
814
1336
1633
1375
1526
1132
1160
682
1083
1331
957
89
1539
1226
878
593
457
277
1128
217
78
1012
1659
658
1740
1287
1584
780
56
924
1166
787
730
1278
326
886
1036
1652
309
1125
1340
920
278
1023
979
1241
714
1501
123
1512
813
1120
482
1177
506
921
1483
1112
1121
1675
837
1341
623
1647
467
1329
205
1040
480
857
1549
783
902
138
312
845
999
224
391
882
1786
943
821
1616
964
906
784
1235
1416
511
1102
524
1028
1563
569
223
87
1262
1312
1627
228
1691
14
102
1094
1251
1758
993
947
1397
609
880
15
492
971
620
1204
1213
613
1172
105
392
699
1393
267
10
1164
879
1453
1015
985
252
418
1038
294
1337
1043
1781
958
1122
1314
990
1184
1228
688
1145
851
983
203
324
1106
1669
596
911
383
1769
6
150
1527
1250
1624
748
642
910
1369
1353
722
79
365
1042
1678
1567
274
1619
1033
589
1775
1489
639
109
179
1060
1604
828
403
908
1562
1737
131
1322
807
812
1655
1715
864
1352
1788
441
1602
678
1212
334
1535
1575
1629
1712
436
1546
43
838
544
953
696
884
1493
1421
1456
582
847
853
1376
1174
721
1346
785
1075
885
738
1762
468
1437
872
193
494
1478
1371
342
1293
31
1126
1019
22
263
1706
262
736
372
1229
1620
1615
650
396
450
1252
866
1679
129
893
1222
1223
90
1487
1664
1557
1144
1355
133
926
1382
1445
1032
143
992
1208
359
614
566
67
1339
88
955
397
1130
1458
765
1103
481
1484
1580
601
1389
227
325
773
1136
1596
116
242
419
616
766
868
745
1787
107
850
473
316
700
1661
665
756
568
1507
1577
1605
353
1003
702
86
1192
387
479
1587
1738
74
514
1728
1743
190
716
155
335
918
1752
62
29
1161
1417
1645
769
283
1697
1403
1046
1004
718
1332
1333
261
1408
1460
211
930
944
1285
1492
1216
1245
331
1360
122
817
154
1097
835
1305
59
72
362
1244
1326
591
1485
442
970
1505
207
314
1276
1282
1354
1469
583
809
136
681
950
1714
212
543
710
755
934
1211
1078
1017
1141
204
573
1234
1613
126
1173
244
66
317
1133
768
625
675
257
121
140
651
978
1087
1239
709
1411
529
546
346
97
301
393
580
1632
361
942
240
994
1143
1345
1614
214
1558
732
429
57
1073
1402
1703
633
1466
288
662
1068
384
52
1189
513
1565
125
516
1357
1464
171
975
545
1037
300
1267
386
987
1253
176
233
415
725
1175
1654
1457
1495
477
1745
498
871
1486
1750
1071
1105
1609
834
1142
1214
1260
1395
1551
460
1218
484
881
1313
1379
1705
46
222
465
997
417
20
137
432
1259
1264
1281
1545
349
1426
1348
416
671
1005
1034
1610
896
1480
341
1381
749
774
927
1236
936
790
1086
549
1169
370
135
366
754
840
1270
1595
164
719
1198
1396
1649
948
600
694
1165
1721
648
313
1056
390
1269
306
586
1449
1468
1638
1676
1731
972
427
1018
1438
507
1268
1224
1560
37
1751
528
946
159
287
731
1082
1782
825
1257
1290
187
226
239
1508
933
320
567
1104
1081
177
986
1246
1347
1509
120
132
1564
1325
939
1707
411
841
608
1050
1711
32
526
1470
1749
1110
1764
1428
168
180
270
1202
271
684
1007
1415
1599
401
112
1280
1372
1648
336
757
1096
1266
1515
1581
1736
1742
42
1443
174
181
231
388
434
449
611
674
771
789
1272
1304
1349
1387
1666
551
1776
515
1356
679
800
595
729
735
75
173
1053
1138
28
368
385
405
905
952
1579
455
1585
170
229
1685
692
103
423
431
476
799
1067
1187
1467
1692
1754
445
1008
108
894
1307
41
128
760
1100
1611
1215
1298
1316
220
408
1016
1137
1129
1521
321
777
27
71
1442
485
1702
1167
1693
519
1499
19
1263
1116
758
870
183
466
862
1095
1207
1651
1662
1777
1778
548
704
38
82
98
250
289
315
364
538
617
646
922
949
1065
1123
1475
1640
1653
1658
1684
1686
1722
1739
708
1641
1412
1303
266
1420
297
1694
1680
571
579
801
1321
1386
1606
779
1039
1247
1070
1667
458
1574
1626
1708
495
991
85
375
1099
770
954
243
1275
1732
428
464
869
1084
1366
1436
1597
182
151
723
909
1639
1726
146
13
18
379
493
876
916
1020
1191
1377
1404
1755
1772
1773
11
389
852
1048
95
1429
1066
1309
1358
1642
83
148
175
189
248
347
363
413
421
483
508
584
587
602
672
685
739
746
751
767
786
792
833
856
901
938
962
976
988
1080
1085
1092
1101
1221
1388
1491
1536
1544
1552
1573
1663
1670
348
218
251
292
420
486
594
667
822
839
1248
1427
1578
1746
471
1284
1430
1317
1318
232
426
637
689
1681
1682
236
931
1193
48
165
1025
119
447
290
404
1107
510
712
1476
534
761
329
527
39
422
69
919
1074
1279
945
1286
1618
194
1261
521
1400
1135
634
1111
1637
1057
1178
1294
1147
285
670
1600
1170
145
167
235
1010
1022
1051
1052
1390
1520
1724
1506
454
191
1399
269
638
621
238
525
659
1134
1227
1365
1519
1540
1571
1768
522
627
1490
1031
539
965
115
443
1201
1296
1447
1465
188
743
808
867
1001
1310
1350
1370
1448
820
1219
1190
293
558
318
100
139
196
470
846
1324
1498
1510
1785
96
400
490
1299
51
54
104
127
202
550
572
612
624
643
668
690
703
772
913
923
1000
1256
1454
1513
1591
1593
58
68
208
323
378
628
680
1011
1124
1217
1300
1374
1767
1770
1779
1783
7
45
1199
1378
1383
1566
50
215
382
1024
1514
1146
1425
1541
1603
1763
1311
1320
93
697
912
966
1209
1238
1277
1361
1423
1608
1628
1753
106
788
209
55
77
130
172
338
701
826
1062
1197
1364
1561
1594
711
1413
319
929
937
1176
1689
1747
1441
206
381
815
25
344
741
1368
1734
446
73
264
307
333
352
371
830
903
1179
1472
1524
1548
1643
1700
1701
1
305
827
4
727
343
1151
560
1482
210
1625
1047
134
552
629
1537
113
216
877
1006
1182
1231
1554
1555
1592
272
410
487
577
764
899
977
1183
1072
752
793
1674
311
836
61
367
399
94
345
424
469
848
897
961
1118
1194
197
984
1302
503
578
581
219
1451
1230
542
615
570
1079
1409
1410
5
260
1139
1152
144
394
49
453
531
843
1727
142
185
603
607
925
1014
1109
1297
1504
1529
1646
1735
47
245
302
356
357
437
475
512
547
631
686
691
698
759
791
804
844
865
914
1077
1319
1363
1488
1547
1683
1761
505
1027
1338
1607
1255
1531
33
246
1240
1180
332
973
744
195
1516
1730
502
186
425
440
1237
1760
330
500
254
535
1140
1699
199
255
462
563
829
1695
44
92
504
1500
358
606
728
1088
1089
192
406
489
541
561
811
969
1271
0
23
497
501
622
649
941
1171
1406
1572
1636
1657
1673
201
518
1414
1444
34
81
298
376
433
588
724
750
794
824
1163
1550
3
76
149
256
451
782
887
1029
1432
1455
1525
158
169
322
328
380
459
461
509
537
644
706
874
1093
1149
1452
1474
1528
1672
8
162
395
726
849
989
1308
1435
1569
1570
1687
1696
60
562
308
374
1315
1439
12
53
114
198
253
275
438
520
661
683
763
795
875
883
892
915
1185
1200
1295
1323
1401
1422
1424
1433
1440
1542
1553
1568
1586
1644
1710
21
36
40
184
452
472
474
532
533
536
553
557
564
574
575
636
640
641
645
781
802
819
935
1013
1063
1188
1205
1206
1242
1291
1292
1405
1418
1419
1434
1446
1590
1690
1698
1288
9
439
463
523
1168
1765
17
24
26
30
35
65
101
124
147
152
161
166
221
237
241
249
259
279
284
291
337
339
340
351
354
355
369
373
407
412
414
444
448
488
491
496
499
517
540
554
555
559
565
576
585
592
604
630
632
635
693
695
707
740
762
805
810
831
858
863
873
940
963
967
995
1002
1030
1044
1045
1061
1114
1157
1195
1225
1243
1249
1273
1283
1289
1328
1335
1359
1362
1385
1392
1431
1473
1477
1496
1497
1530
1556
1559
1583
1589
1598
1630
1631
1656
1668
1671
1709
1716
1723
1725
1729
1733
1741
1744
1748
1766
1771
