3.079
3.531
1.818
3.021
3.002
2.371
3.919
5.643
3.449
3.554
2.269
4.165
7.899
3.856
4.102
4.322
3.620
2.827
3.862
3.262
3.141
2.070
1.794
4.366
2.692
3.206
2.914
3.446
3.496
3.252
2.941
4.102
1.851
1.937
0.985
3.182
4.822
4.819
3.537
4.376
5.544
4.976
3.768
5.290
4.298
3.118
3.267
4.498
4.070
3.727
3.205
4.967
7.045
5.311
1.470
2.583
4.510
2.936
4.557
4.410
4.767
5.012
2.738
4.732
2.118
5.171
4.737
4.302
5.184
5.635
3.889
5.052
3.638
4.116
3.841
6.238
5.653
5.277
3.570
5.062
3.838
4.244
5.933
6.254
5.985
6.201
5.930
2.859
6.258
8.169
4.777
2.056
3.513
3.952
3.528
3.518
2.715
5.027
1.301
2.964
5.104
7.211
4.915
4.020
5.447
4.564
4.841
6.148
5.767
5.677
4.247
6.699
3.220
6.384
4.175
2.487
4.993
4.726
4.947
3.594
3.912
3.097
1.685
4.093
0.361
6.819
0.841
1.885
2.601
4.832
8.755
5.912
4.804
3.828
4.184
3.841
4.465
4.422
3.693
1.305
1.474
3.416
2.495
5.375
5.507
7.426
6.439
4.421
3.563
4.672
4.199
4.507
4.320
2.420
2.568
4.561
3.325
3.411
4.353
1.748
4.084
4.279
3.337
4.636
5.390
3.947
3.786
4.403
3.030
2.736
2.157
2.413
0.898
0.449
3.736
6.535
4.629
4.082
3.436
1.102
4.249
5.128
3.393
1.308
5.912
2.092
3.664
4.805
3.174
2.670
4.016
5.522
4.851
4.586
5.284
3.559
3.666
4.459
4.786
6.317
3.546
2.896
2.283
1.559
3.569
4.748
2.576
5.259
4.564
0.037
2.431
2.891
1.043
3.720
3.701
5.347
1.842
4.571
2.990
3.573
2.271
2.114
3.822
3.287
3.302
4.448
3.430
2.364
3.645
2.193
3.495
2.811
2.832
1.639
2.016
1.650
4.095
3.123
3.231
5.052
3.572
2.436
2.567
5.072
2.156
1.037
1.932
2.504
1.524
3.048
5.115
2.856
4.976
2.940
4.537
3.391
3.825
1.780
3.298
1.180
3.168
4.680
0.150
3.736
3.507
5.363
4.396
3.984
2.973
3.524
5.055
0.309
5.219
5.266
3.139
2.858
4.156
4.416
1.408
2.818
8.484
5.861
3.855
5.171
6.180
2.548
5.276
3.924
4.705
3.629
4.092
4.420
2.392
3.870
5.642
4.287
4.800
6.648
3.769
3.278
3.237
3.933
4.422
4.305
3.927
4.809
4.650
2.604
3.095
2.851
4.208
3.654
3.810
0.931
3.178
6.255
2.732
4.513
1.086
2.586
2.117
3.955
3.112
6.810
3.477
5.985
6.351
6.207
4.682
3.240
5.478
4.620
5.048
2.149
3.025
2.425
1.771
4.603
4.713
3.981
4.050
2.474
2.840
3.606
6.113
3.374
2.451
4.080
4.109
3.250
7.809
4.338
4.182
1.134
3.222
3.110
3.072
2.883
4.727
2.924
3.374
5.404
2.226
6.504
1.234
6.233
5.678
1.520
3.046
4.886
2.782
7.691
4.973
3.979
6.143
2.115
5.189
5.383
4.557
5.434
6.317
2.740
6.525
5.820
4.158
3.640
4.368
5.568
4.456
3.457
5.674
4.544
6.408
2.608
3.777
5.029
4.697
4.674
4.384
6.774
2.395
6.209
3.380
4.961
3.603
3.842
5.730
4.182
3.917
5.814
3.726
4.208
4.305
8.571
4.425
3.325
4.800
3.770
4.512
3.775
3.599
3.757
3.623
4.220
3.100
3.298
4.096
3.691
4.635
4.577
5.146
3.114
6.907
4.892
6.183
4.295
3.926
8.100
4.154
4.119
1.812
5.679
6.667
2.961
6.484
5.039
4.169
5.393
6.356
5.087
2.439
3.588
4.508
6.018
4.854
6.023
5.018
7.086
5.981
3.152
4.116
5.558
4.239
6.171
4.739
4.215
5.262
4.811
3.656
5.852
4.136
3.297
5.303
2.941
3.696
4.120
6.038
3.555
4.739
6.784
3.818
6.569
6.882
1.153
3.360
4.227
4.273
3.782
3.853
5.159
6.645
6.446
4.921
7.285
3.895
3.601
4.257
2.286
3.598
3.608
5.277
3.387
3.141
3.180
5.307
4.302
1.055
5.737
3.086
3.521
3.926
3.167
2.692
3.974
2.681
7.271
4.424
3.815
3.662
3.481
4.224
1.231
4.539
4.075
8.137
3.373
1.647
4.803
4.798
5.013
4.369
4.938
3.397
2.551
4.269
4.469
3.926
4.559
2.120
2.263
4.939
4.919
3.379
4.021
4.175
8.164
3.570
5.315
3.007
3.745
5.372
5.728
1.999
3.877
2.983
6.064
3.884
3.119
3.423
0.349
6.819
3.797
3.666
3.787
6.195
6.607
5.352
2.264
5.385
4.762
5.541
3.025
5.052
3.569
4.416
4.423
2.369
3.614
3.727
5.741
5.282
3.689
1.462
2.853
3.484
3.978
3.812
4.664
6.720
5.913
5.591
5.084
3.917
3.661
4.395
4.792
3.846
5.194
3.934
5.146
3.391
3.885
3.783
2.993
2.444
4.742
1.897
4.910
4.473
3.459
2.126
6.652
4.583
3.131
2.072
3.746
6.087
5.086
4.759
2.412
4.446
3.499
5.293
4.737
5.308
4.672
0.534
2.857
6.077
3.133
5.251
4.002
3.756
4.818
2.569
9.261
4.828
2.319
4.706
4.634
0.056
0.778
0.854
3.094
5.242
3.487
2.725
8.604
2.647
4.396
4.510
4.709
1.777
2.458
2.617
2.015
5.842
7.287
6.665
3.009
3.513
3.393
8.976
4.208
3.976
4.404
1.120
1.589
2.217
3.445
3.402
3.561
7.607
4.862
1.810
5.192
4.593
6.634
1.613
3.076
2.424
2.720
2.856
3.272
5.130
1.063
2.925
3.061
2.693
4.429
1.912
3.528
6.752
3.246
3.782
2.975
6.604
0.890
3.407
2.182
1.905
5.687
2.686
4.659
4.551
2.737
2.952
1.703
2.928
1.817
1.350
4.897
6.177
3.213
3.470
2.793
3.642
2.269
3.916
4.577
5.835
5.440
3.715
5.950
4.691
5.245
4.802
3.845
4.384
5.485
3.971
3.920
4.984
4.171
7.818
4.575
4.377
6.600
4.116
5.490
5.367
5.224
4.532
5.255
2.758
2.689
0.600
6.027
2.501
4.988
4.637
4.510
2.537
2.939
6.191
6.298
3.788
4.725
4.538
5.518
3.448
2.904
3.861
3.959
3.530
5.085
4.720
2.838
3.411
3.288
4.198
4.247
5.169
2.895
4.208
3.984
3.665
4.628
2.925
4.262
4.141
5.354
3.365
4.023
3.811
3.888
3.753
4.019
4.192
3.941
4.743
4.323
1.935
5.829
5.266
6.644
3.698
5.105
3.995
3.487
3.936
3.408
2.014
2.859
8.200
5.939
3.835
3.569
4.466
2.870
3.608
3.018
3.643
5.316
3.244
4.416
4.122
3.415
3.440
4.590
