-0.71
3.08
1.6
3.97
0.05
0.31
0.31
2.99
2.49
1.89
0.24
-1.5
2.79
2.7
3.4
2.55
2.16
2.21
0.87
4.3
0.76
2.44
1.64
1.7
-0.37
-0.22
-0.09
-0.06
0.97
3.4
2.3
2.41
1.98
3.29
-1.01
0.38
-1.42
-0.96
-0.84
-0.98
-0.15
-1.29
2.51
2.54
-1.08
3.8
1.52
2.11
0.67
3.7
3.8
-1.3
-0.25
-0.12
2.31
-0.93
-0.45
4.31
2.41
2.26
3.76
-1.25
-0.56
-0.54
-0.06
0.77
2.38
-0.9
0.22
1.73
1.78
3.2
-0.86
2.0
2.49
0.62
2.81
3.7
2.26
-0.96
0.42
0.7
1.49
3.15
0.88
2.83
2.84
3.6
-1.36
2.43
0.6
0.3
0.33
0.02
0.2
1.65
0.67
-0.2
1.78
0.91
0.11
-0.22
1.5
1.7
0.71
0.85
2.57
1.72
-0.6
0.2
-0.42
-0.09
0.72
-0.94
-0.1
-0.65
3.46
1.78
0.45
1.0
2.5
-0.94
2.6
1.08
2.37
3.3
-0.41
1.3
0.82
1.13
1.67
0.86
0.89
3.6
1.27
-0.35
3.24
2.35
0.99
-0.82
-0.88
-0.12
-0.09
0.92
3.24
3.27
2.34
3.06
2.4
2.28
1.9
2.93
0.79
2.08
2.01
0.81
1.12
3.94
3.7
1.88
2.15
2.19
1.48
3.56
-0.58
-0.57
0.56
0.58
0.74
2.33
1.06
-1.02
1.18
3.36
2.33
-0.51
-0.46
-0.15
4.1
0.77
1.1
3.65
0.79
2.21
2.82
1.97
2.12
2.41
3.9
3.47
3.04
2.68
-1.33
-1.2
3.98
3.72
3.16
1.2
1.02
3.59
2.38
1.1
1.45
-0.58
2.9
2.9
3.39
2.52
1.72
3.3
3.34
-0.84
1.1
0.48
1.38
1.48
2.22
1.22
0.74
0.9
0.63
0.68
0.48
3.17
2.31
2.83
0.34
0.42
1.28
1.56
1.65
1.1
1.33
3.72
-0.18
0.13
3.72
2.79
4.13
-0.51
-0.48
0.23
2.98
0.37
1.4
3.46
2.8
2.5
3.1
1.47
-0.01
0.01
1.29
0.25
0.36
1.03
1.16
2.48
3.02
0.8
0.55
0.59
2.05
3.42
3.42
2.72
1.23
0.5
-0.42
-0.11
1.24
1.15
2.67
-0.78
-0.49
-0.37
-0.27
-0.01
0.06
3.47
0.48
1.48
1.54
2.12
2.61
0.6
0.03
1.0
-0.95
0.2
3.59
3.8
3.4
-0.7
-0.69
1.83
1.87
2.46
2.26
3.57
2.65
2.9
1.49
1.58
1.86
0.19
2.67
2.67
-0.76
-0.33
-0.3
0.31
-1.15
0.27
0.44
-0.01
2.12
2.13
2.69
2.05
-0.92
0.05
-0.73
2.95
-1.08
3.95
1.2
1.05
3.6
3.66
1.2
3.69
3.7
1.39
1.19
1.8
1.5
2.96
3.15
3.25
2.09
2.1
2.11
2.31
2.37
0.49
3.45
3.45
3.06
2.19
2.23
1.7
1.74
-0.9
-0.87
-0.49
0.1
-1.1
0.78
1.99
3.37
1.59
1.28
1.92
0.94
1.83
1.17
3.35
1.47
3.92
3.99
3.08
2.56
-0.83
-0.03
0.0
0.71
3.5
3.5
2.01
0.8
2.8
0.63
