3.000000000
3.263603498
6.917214630
7.568636236
7.568636236
8.301029996
7.522878745
7.408935393
8.096910013
7.229147988
7.408935393
7.161150909
7.187086643
6.072116590
7.619788758
7.853871964
7.886056648
6.690369833
6.486782400
7.537602002
7.568636236
7.744727495
7.619788758
7.585026652
7.698970004
6.920818754
7.721246399
7.494850022
7.568636236
7.619788758
7.031517051
7.200659451
6.795880017
7.080921908
4.000000000
7.207608311
3.471726223
4.823908741
7.920818754
7.173925197
7.376750710
7.271646218
7.458420756
6.874193542
7.533132380
7.351639989
7.221125528
7.166852888
7.320572103
7.163675884
7.084072788
7.690369833
9.744727495
8.154901960
7.657577319
9.301029996
7.721246399
7.187086643
8.154901960
5.698970004
4.000000000
4.000000000
4.000000000
4.000000000
4.000000000
4.000000000
4.000000000
4.000000000
4.000000000
4.000000000
4.000000000
4.000000000
4.000000000
4.000000000
4.000000000
4.000000000
6.244125144
4.000000000
4.000000000
8.000000000
4.000000000
4.000000000
6.443697499
6.906578315
5.638272164
6.337242168
5.907981529
6.987162775
7.638272164
6.821023053
7.920818754
7.886056648
7.154901960
4.537602002
3.301029996
3.000000000
4.292429824
3.000000000
4.742321425
3.640164518
3.301029996
3.000000000
3.000000000
4.173925197
3.602059991
4.031517051
3.301029996
3.443697499
3.301029996
3.427128398
3.000000000
5.455931956
3.000000000
3.000000000
4.091514981
3.497572880
3.000000000
3.879426069
4.054531415
3.471726223
4.363512104
3.497299825
7.657577319
8.000000000
4.430041182
7.853871964
8.221848750
8.154901960
8.096910013
5.130768280
8.221848750
7.769551079
8.397940009
7.638272164
7.638272164
6.267606240
6.004364805
7.920818754
7.113509275
8.301029996
6.698970004
8.301029996
8.301029996
7.698970004
6.244125144
7.657577319
7.677780705
8.221848750
6.366531544
8.096910013
8.096910013
8.221848750
8.397940009
7.920818754
7.853871964
6.050609993
7.568636236
4.769551079
6.229147988
8.000000000
9.060480747
8.879426069
6.261219442
8.275724130
6.481486060
7.113170995
6.657577319
6.853871964
6.958607315
7.070581074
6.744727495
6.853871964
6.397940009
7.004364805
7.075720714
6.823908741
6.552841969
6.301029996
6.769551079
7.000000000
7.259637311
7.420216403
6.173925197
6.244125144
6.585026652
5.886056648
6.136677140
6.853871964
6.920818754
6.958607315
6.853871964
6.853871964
6.585026652
7.000000000
6.000000000
5.744727495
6.481486060
5.886056648
7.244125144
6.698970004
7.154901960
6.568636236
6.040958608
6.537602002
6.657577319
6.148741651
6.161150909
6.886056648
6.346787486
7.148741651
6.958607315
7.744727495
6.173925197
7.124938737
7.107905397
7.267606240
7.677780705
6.690369833
6.673664139
6.995678626
5.769551079
6.093126465
6.167491087
7.055517328
6.484126156
6.640164518
7.387216143
7.292429824
7.022276395
6.991399828
6.716698771
7.193820026
7.193820026
6.665546249
7.251811973
7.552841969
8.221848750
7.113509275
7.096910013
7.886056648
9.000000000
7.769551079
8.920818754
7.886056648
6.311580178
7.327902142
8.795880017
6.815308569
7.920818754
7.721246399
5.853871964
7.408935393
7.229147988
7.638272164
7.886056648
6.756961951
7.886056648
6.510041521
7.048176965
7.821310760
7.524038411
7.425505732
7.328919767
7.122916743
7.522444668
7.438540829
7.574465780
7.906578315
7.471340355
7.479254528
7.543633967
7.478208350
7.642827742
7.748848657
4.301029996
4.301029996
4.301029996
4.301029996
4.301029996
7.096910013
6.163675884
4.301029996
6.028260409
6.171340103
4.301029996
6.171340103
7.795880017
8.221848750
4.301029996
7.356547324
4.301029996
4.301029996
8.000000000
4.301029996
4.301029996
4.301029996
4.301029996
4.301029996
4.301029996
4.301029996
4.301029996
4.301029996
4.301029996
4.301029996
4.301029996
4.301029996
4.301029996
4.301029996
4.301029996
4.301029996
6.769551079
6.886056648
7.337242168
7.886056648
6.958607315
6.481486060
5.698970004
7.080921908
6.602059991
7.080921908
5.769551079
6.958607315
6.744727495
4.415329616
6.677780705
5.408935393
4.056901377
3.000000000
8.958607315
5.671620397
3.000000000
3.000000000
3.602059991
6.856985200
3.301029996
3.000000000
3.000000000
3.000000000
3.000000000
4.448550002
4.671620397
4.581698709
4.485452247
3.000000000
3.000000000
7.698970004
8.080921908
5.508638306
5.397940009
3.000000000
3.000000000
3.000000000
3.000000000
3.829738285
3.602059991
7.033389013
6.507239611
7.348721986
6.935542011
7.414539270
7.863279433
7.310691141
7.294992041
7.410050399
7.471083300
7.511449283
7.573488739
7.537602002
8.130768280
8.366531544
8.769551079
9.045757491
8.886056648
3.602059991
6.721246399
7.602059991
3.000000000
7.004364805
3.602059991
3.903089987
6.455931956
4.000000000
4.000000000
4.886056648
4.823908741
4.000000000
8.376750710
8.744727495
8.657577319
8.568636236
6.568636236
7.244125144
4.000000000
4.328734567
4.000000000
4.795880017
4.060480747
4.000000000
4.000000000
5.080921908
5.619788758
5.795880017
5.721246399
5.721246399
5.397940009
6.102372909
6.060480747
5.958607315
6.552841969
5.823908741
4.000000000
4.000000000
4.000000000
4.000000000
4.301029996
4.000000000
4.000000000
4.000000000
4.000000000
4.301029996
4.000000000
4.000000000
4.000000000
4.000000000
4.000000000
4.752026734
6.000000000
4.561141341
7.124938737
7.431798276
5.920818754
7.853871964
8.086186148
5.244125144
4.292429824
6.872895202
8.022276395
5.114186625
7.408935393
5.920818754
5.431798276
7.920818754
6.853871964
4.443697499
6.809668302
6.779891912
6.229884705
5.809108283
5.026872146
5.769551079
6.943095149
5.581698709
6.769551079
4.348140731
6.008330993
6.844663963
5.442372512
6.602059991
6.494850022
7.060480747
6.268411235
6.966576245
5.982966661
5.721246399
6.928117993
10.000000000
7.468521083
5.376750710
7.086186148
7.356547324
7.886056648
7.004364805
5.795880017
8.481486060
6.958607315
6.600326279
6.853871964
4.000000000
6.008773924
6.910094889
5.455931956
7.013228266
7.366531544
6.769551079
8.124938737
7.026872146
7.431798276
7.148741651
8.040958608
6.259637311
7.008773924
6.958607315
8.036212173
8.180456064
7.568636236
8.657577319
7.251811973
6.935542011
4.267606240
7.065501549
6.823908741
6.619788758
5.431798276
6.619788758
6.709965389
6.431798276
6.920818754
7.327902142
7.568636236
6.443697499
5.823908741
6.236572006
6.739928612
5.958607315
8.522878745
8.420216403
7.886056648
7.958607315
7.552841969
6.958607315
6.292429824
6.014124643
7.346787486
6.515700161
8.173925197
7.142667504
6.107905397
6.455931956
6.148741651
6.431798276
4.769551079
7.823908741
6.376750710
8.721246399
7.585026652
9.481486060
9.000000000
5.677780705
7.638272164
8.000000000
7.698970004
7.602059991
7.221848750
8.000000000
8.397940009
9.000000000
8.397940009
9.301029996
8.522878745
8.045757491
8.221848750
7.346787486
8.397940009
9.301029996
9.000000000
8.698970004
8.397940009
7.698970004
8.698970004
8.522878745
8.698970004
8.000000000
9.000000000
8.301029996
8.124938737
8.698970004
9.522878745
6.958607315
5.431798276
4.494850022
9.275724130
9.602059991
6.886056648
6.443697499
7.161150909
6.853871964
7.251811973
8.337242168
5.376750710
7.022276395
6.744727495
4.677780705
5.795880017
7.236572006
6.318758763
5.698970004
8.853871964
7.142667504
6.744727495
7.408935393
6.585026652
6.958607315
6.838631998
5.782516056
5.958607315
6.455931956
4.000000000
6.924453039
7.568636236
6.090979146
7.309803920
6.248720896
7.823908741
6.349692477
5.848323769
7.638272164
4.000000000
7.860750782
4.000000000
4.000000000
4.000000000
4.000000000
4.000000000
4.000000000
4.882728704
4.000000000
4.000000000
4.000000000
4.000000000
4.000000000
4.000000000
4.000000000
4.000000000
4.000000000
4.000000000
4.000000000
4.000000000
4.000000000
4.000000000
4.000000000
4.000000000
4.000000000
8.630784143
4.000000000
4.000000000
4.000000000
5.955460240
6.498940738
7.420216403
7.431798276
6.244125144
7.318758763
4.382999659
7.537602002
9.259637311
9.376750710
8.795880017
9.096910013
9.229147988
8.920818754
8.657577319
9.022276395
9.431798276
9.214670165
9.214670165
9.136677140
6.640164518
7.638272164
8.677780705
6.698970004
4.744727495
7.537602002
7.769551079
8.207608311
7.698970004
7.318758763
7.795880017
7.769551079
9.522878745
7.468521083
5.638272164
7.585026652
7.130768280
6.318758763
7.435333936
5.522878745
7.067019178
6.536107011
6.578396073
7.001304842
6.987162775
6.673664139
7.279014256
7.343901798
7.408935393
7.189767482
7.244887734
7.169411331
7.603800653
7.184422252
7.128427064
7.038578906
7.505845406
7.295849483
7.469800302
7.515700161
6.943476276
7.241088108
8.387216143
6.112945622
5.522878745
7.130768280
6.974694135
5.522878745
6.910094889
6.494850022
6.050609993
6.063989204
7.031517051
7.552841969
6.145693958
6.970616222
6.060980224
7.130768280
7.585026652
7.721246399
6.158640530
6.982966661
6.507239611
6.056011125
6.063989204
7.000000000
7.468521083
7.508638306
6.140861703
6.935542011
7.879426069
8.638272164
8.420216403
7.935542011
7.844663963
6.785156152
5.522878745
6.178486472
6.163043263
8.124938737
6.186419011
8.065501549
5.935542011
8.096910013
7.193820026
6.651695137
5.522878745
7.142667504
7.040958608
7.136677140
6.583359493
3.698970004
4.522878745
7.075720714
8.096910013
8.653647026
6.193820026
7.136677140
8.207608311
5.708409174
5.587203571
7.387216143
3.903089987
5.596879479
3.630784143
6.958607315
7.958607315
6.795880017
5.000000000
6.823908741
5.455931956
7.045757491
7.602059991
8.318758763
9.318758763
8.000000000
8.795880017
7.045757491
7.251811973
7.853871964
7.886056648
8.236572006
8.455931956
7.267606240
7.769551079
7.193820026
6.397940009
5.000000000
6.180456064
6.567030709
7.142667504
7.180456064
6.468521083
7.180456064
7.920818754
9.585026652
9.698970004
8.366531544
9.026872146
9.494850022
8.537602002
9.522878745
9.070581074
8.468521083
7.920818754
8.301029996
8.200659451
6.000000000
4.000000000
3.488116639
6.397940009
7.795880017
7.638272164
3.602059991
5.970616222
6.892790030
7.244125144
7.161150909
7.769551079
6.430626090
7.619788758
7.537602002
8.119186408
8.318758763
6.585026652
8.552841969
8.161150909
8.552841969
8.337242168
8.004364805
9.309803920
6.040481623
5.638272164
6.363512104
6.621602099
6.684029655
6.721246399
6.080921908
7.050609993
7.408935393
6.570247720
5.886056648
7.376750710
6.634512015
6.598599459
6.552841969
5.420216403
9.537602002
6.086186148
4.000000000
4.000000000
4.000000000
4.000000000
4.000000000
4.000000000
4.000000000
4.000000000
4.000000000
4.000000000
4.000000000
4.000000000
4.000000000
4.000000000
4.000000000
4.301029996
4.000000000
4.000000000
4.000000000
4.000000000
4.000000000
4.000000000
4.000000000
6.928117993
5.737548910
7.075720714
7.721246399
6.481486060
6.283996656
7.366531544
5.319664487
5.316952962
7.886056648
5.133122186
7.508638306
5.417936637
5.744727495
5.793174124
7.920818754
7.154901960
6.251811973
5.917214630
6.309803920
6.408935393
7.387216143
7.075720714
6.552841969
7.795880017
7.619788758
6.173925197
7.229147988
5.958607315
6.958607315
6.721246399
7.026872146
7.259637311
7.301029996
6.795880017
7.142667504
7.080921908
4.540004744
7.677780705
7.318758763
6.832682665
7.275724130
8.236572006
8.187086643
6.522878745
6.253365801
6.769551079
6.080921908
8.102372909
3.838631998
7.769551079
7.026872146
7.721246399
7.066006836
8.301029996
7.774690718
8.096910013
8.301029996
8.017728767
8.148741651
6.522878745
7.886056648
8.045757491
7.795880017
7.638272164
5.655804284
8.096910013
6.841637508
6.954677021
7.428291168
7.609064893
6.844663963
7.821023053
7.464705880
7.958607315
7.481486060
7.431798276
6.508638306
7.431798276
7.086186148
7.684029655
7.155522824
7.939302160
5.854803594
7.200659451
5.431798276
8.154901960
7.259637311
7.821023053
5.835647144
7.366531544
8.301029996
8.096910013
8.154901960
8.920818754
7.508638306
8.221848750
6.107905397
6.002176919
6.651695137
5.100234198
7.602059991
6.221848750
4.591760035
5.050609993
6.649751982
7.455931956
7.657577319
6.853871964
7.050609993
6.869666232
8.619788758
8.113509275
8.356547324
7.769551079
6.593459820
7.022276395
8.397940009
6.744727495
7.958607315
7.327902142
7.119186408
7.886056648
7.886056648
7.075720714
7.275724130
6.167491087
7.221848750
7.187086643
9.173925197
7.161150909
7.431798276
6.659555885
6.677780705
4.872895202
5.677780705
6.657577319
6.431798276
5.075720714
5.236572006
3.847711656
5.027797162
6.148741651
4.344861565
5.585026652
5.309803920
4.585026652
6.187086643
7.494850022
5.200659451
5.481486060
5.026872146
5.275724130
4.829738285
6.673869043
6.065501549
6.337242168
7.356547324
7.355561411
7.559090918
7.316952962
8.151810883
6.856360765
7.838631998
7.279014256
8.226945307
7.809668302
8.809668302
5.522878745
5.408935393
5.552841969
6.346787486
7.420216403
5.638272164
6.585026652
6.236572006
5.522878745
7.853871964
6.698970004
7.148741651
5.886056648
8.698970004
6.853871964
8.301029996
4.050609993
7.677780705
6.585026652
6.638272164
7.327902142
7.853871964
5.096910013
6.886056648
7.292429824
5.522878745
8.522878745
5.522878745
5.522878745
8.337242168
7.552841969
7.455931956
7.055517328
7.251811973
8.397940009
8.045757491
10.193820030
8.366531544
6.721246399
7.431798276
7.292429824
5.522878745
8.958607315
8.522878745
9.000000000
7.795880017
6.086186148
5.698970004
3.847711656
6.102372909
6.173925197
7.508638306
8.193820026
3.000000000
5.823908741
3.602059991
5.376750710
6.537602002
7.494850022
5.522878745
5.522878745
7.869666232
8.060480747
8.638272164
4.000000000
4.000000000
4.000000000
4.000000000
4.000000000
4.000000000
4.000000000
4.000000000
4.000000000
4.000000000
4.000000000
4.000000000
5.000000000
4.000000000
4.000000000
4.000000000
4.000000000
4.000000000
4.000000000
6.602059991
7.251811973
6.958607315
8.619788758
8.508638306
7.050609993
7.966576245
7.962573502
7.677780705
5.602059991
7.000000000
6.000000000
6.040958608
5.301029996
6.537602002
8.045757491
8.795880017
6.190440285
8.823908741
6.896196279
7.856985200
7.980883710
7.709075441
8.121478204
7.817015033
7.681102285
8.361510743
8.067019178
7.804100348
6.576754126
7.593459820
7.754240644
8.081969663
6.703334810
8.619788758
9.301029996
8.886056648
9.180456064
7.431798276
4.899629455
6.142667504
6.903089987
8.795880017
8.853871964
7.193820026
7.568636236
7.318758763
7.431798276
9.000000000
4.612610174
4.420216403
5.552841969
4.575118363
4.882728704
5.662041836
5.000000000
8.468521083
7.657577319
7.504455662
7.966576245
8.698970004
9.397940009
9.154901960
8.920818754
6.565431096
6.892790030
8.468521083
6.436518915
7.229147988
8.408935393
8.481486060
7.638272164
8.148741651
7.795880017
8.040958608
8.455931956
6.291579100
7.130768280
7.397940009
6.795880017
6.221848750
6.823908741
6.677780705
6.292429824
6.337242168
6.356547324
7.619788758
8.619788758
7.000000000
8.481486060
8.275724130
6.468521083
7.207608311
7.102372909
7.161150909
8.000000000
8.000000000
8.275724130
7.327902142
7.744727495
7.187086643
8.698970004
7.346787486
6.200659451
8.075720714
6.107905397
8.301029996
7.301029996
7.107905397
7.091514981
7.040958608
8.420216403
7.602059991
7.568636236
8.397940009
6.886056648
6.744727495
4.480040819
4.432973634
7.657577319
4.432973634
7.055517328
4.395773947
4.407823243
4.432973634
6.279840697
7.050609993
7.677780705
7.619788758
7.207608311
7.031517051
6.000000000
7.721246399
7.283996656
7.244125144
7.214670165
8.301029996
7.096910013
7.853871964
7.376750710
7.585026652
8.124938737
4.522878745
7.180456064
9.000000000
6.795880017
7.301029996
7.045757491
6.013228266
7.004364805
7.283996656
6.376750710
7.356547324
7.602059991
7.795880017
7.221848750
7.958607315
7.251811973
7.387216143
6.221848750
7.180456064
7.356547324
5.795880017
2.744727495
6.221848750
4.253210168
6.154901960
4.301029996
7.387216143
7.397940009
7.113509275
7.200659451
6.173925197
7.036212173
7.301029996
6.387216143
7.161150909
8.096910013
6.494850022
7.283996656
7.494850022
5.301029996
6.627087997
7.173925197
3.301029996
2.040958608
6.602059991
7.920818754
7.055517328
3.427012292
6.721246399
6.823908741
7.136677140
7.455931956
7.173925197
4.744727495
4.853871964
4.279014256
3.769551079
4.376750710
3.127261173
4.000000000
5.154901960
7.200659451
6.602059991
3.489053051
6.214670165
4.769551079
7.494850022
5.638272164
4.602059991
7.920818754
8.455931956
8.154901960
7.769551079
8.154901960
7.853871964
7.154901960
3.321481621
7.638272164
7.619788758
7.585026652
7.193820026
7.008773924
7.337242168
7.420216403
7.481486060
7.677780705
7.769551079
8.000000000
8.045757491
7.638272164
7.376750710
7.568636236
7.200659451
6.679853714
7.769551079
7.823908741
6.534617149
8.301029996
8.221848750
6.903089987
7.026872146
7.657577319
7.744727495
6.605548319
7.537602002
7.124938737
7.698970004
7.677780705
7.508638306
8.397940009
7.397940009
4.924453039
4.701146924
4.221848750
4.804100348
8.154901960
6.602059991
7.397940009
3.944010417
3.944621669
6.769551079
7.522878745
8.301029996
7.301029996
8.397940009
6.408935393
8.000000000
5.017276612
4.181114585
8.886056648
4.221125528
4.251811973
3.725842151
3.000000000
3.000000000
6.583359493
4.636388020
3.730487056
3.301029996
3.987162775
3.378823718
8.522878745
4.886056648
3.301029996
3.301029996
6.323306390
3.821023053
6.197226275
8.337242168
8.000000000
7.721246399
7.275724130
7.283996656
8.356547324
8.744727495
4.000000000
8.060480747
7.000000000
7.958607315
8.602059991
8.958607315
4.000000000
8.091514981
7.721246399
7.522878745
4.000000000
8.017728767
7.236572006
7.638272164
7.638272164
7.075720714
7.180456064
8.244125144
8.958607315
8.107905397
7.161150909
8.124938737
7.259637311
7.744727495
7.721246399
7.638272164
7.769551079
7.408935393
8.086186148
5.812479279
4.649945906
4.489991487
3.301029996
7.200659451
4.000000000
4.000000000
4.000000000
4.000000000
4.000000000
4.000000000
4.000000000
4.000000000
4.000000000
4.000000000
4.000000000
4.000000000
4.000000000
4.000000000
4.000000000
4.000000000
4.000000000
4.000000000
4.000000000
4.000000000
4.000000000
4.000000000
4.000000000
4.000000000
4.000000000
4.000000000
4.000000000
4.000000000
4.000000000
4.000000000
4.000000000
4.000000000
4.000000000
4.000000000
4.000000000
4.721246399
4.000000000
4.301029996
4.000000000
5.842845560
6.417936637
6.663540266
5.857610534
6.344861565
6.353596274
6.053056729
5.985479461
5.990124366
6.001304842
7.075720714
7.110138279
6.913640169
7.102372909
8.070581074
6.804100348
6.924453039
6.903089987
7.721246399
6.705533774
6.829738285
6.872895202
6.863279433
7.366531544
8.045757491
7.537602002
6.423658650
3.602059991
4.193820026
4.583359493
3.301029996
4.408935393
6.642065153
6.876148359
3.301029996
6.004803708
4.167491087
4.238072162
3.962573502
3.903089987
6.400116928
7.823908741
6.528708289
6.136677140
4.460296761
6.036212173
7.000000000
5.468521083
7.346787486
6.318758763
4.420216403
8.000000000
7.346787486
4.000000000
5.602059991
4.795880017
4.000000000
7.657577319
6.275724130
5.283996656
6.366531544
4.000000000
4.000000000
4.000000000
4.000000000
4.000000000
4.000000000
4.000000000
4.000000000
4.000000000
6.346787486
6.657577319
6.657577319
6.366531544
6.193820026
7.397940009
5.801342913
5.712198270
5.055517328
5.703334810
5.015472687
5.562249437
5.551293680
5.621602099
6.292429824
4.000000000
4.000000000
5.235823868
6.468521083
6.420216403
6.119186408
7.154901960
5.436518915
7.154901960
7.096910013
6.494850022
6.292429824
6.537602002
6.267606240
6.481486060
6.366531544
6.214670165
6.853871964
6.366531544
8.221848750
8.853871964
8.468521083
6.638272164
6.193820026
7.443697499
10.000000000
6.158015195
5.552686891
6.838631998
7.070581074
6.966576245
7.173925197
3.000000000
3.423658650
5.853871964
6.744727495
3.301029996
9.698970004
7.045757491
5.958607315
6.552841969
6.619788758
6.958607315
7.366531544
7.022276395
6.318758763
5.958607315
7.327902142
4.397940009
6.537602002
6.744727495
3.000000000
3.539102157
5.769551079
7.966576245
8.309803920
6.829738285
8.420216403
7.698970004
7.812479279
6.524328812
6.460923901
8.522878745
8.468521083
8.537602002
8.193820026
8.468521083
3.970616222
3.301029996
6.716698771
6.598599459
3.602059991
5.958607315
8.000000000
7.522878745
6.035269079
4.000000000
3.638272164
5.785156152
7.638272164
4.856985200
4.000000000
4.913640169
4.742321425
4.000000000
4.000000000
7.602059991
7.537602002
6.744727495
6.744727495
6.657577319
4.000000000
4.000000000
4.000000000
6.008773924
4.000000000
4.000000000
4.000000000
4.000000000
4.000000000
5.879426069
5.397940009
4.619788758
4.000000000
4.508638306
4.481486060
4.783042793
4.721246399
4.327902142
7.602059991
5.102372909
5.853871964
5.958607315
7.769551079
6.356547324
8.823908741
6.537602002
9.096910013
6.924453039
4.022276395
6.698970004
7.431798276
6.886056648
9.154901960
6.958607315
5.552841969
7.744727495
9.318758763
8.795880017
8.638272164
8.468521083
6.924453039
8.585026652
9.301029996
9.221848750
9.337242168
8.958607315
9.154901960
8.769551079
8.823908741
8.091514981
6.229147988
7.443697499
8.301029996
7.769551079
8.000000000
8.221848750
7.853871964
6.795880017
8.000000000
6.709965389
7.244125144
5.602059991
6.705533774
6.798602876
5.602059991
7.200659451
8.602059991
8.657577319
8.585026652
8.795880017
8.886056648
8.795880017
8.721246399
9.000000000
4.000000000
7.060480747
8.244125144
6.974694135
5.871923987
5.798602876
7.853871964
6.982966661
8.251811973
4.827981191
6.623423043
7.886056648
8.045757491
4.455931956
7.096910013
8.657577319
8.522878745
8.585026652
8.236572006
9.301029996
8.397940009
8.387216143
7.844663963
7.675717545
6.408935393
6.552841969
6.958607315
5.481486060
8.000000000
8.292429824
5.443697499
6.638272164
5.698970004
7.481486060
8.769551079
6.522878745
5.958607315
4.970616222
7.920818754
9.522878745
5.508638306
9.698970004
6.259637311
3.000000000
4.000000000
8.000000000
7.366531544
8.886056648
7.494850022
7.408935393
5.213745604
8.045757491
7.537602002
7.853871964
7.537602002
7.086186148
9.000000000
3.000000000
8.221848750
8.045757491
8.698970004
8.301029996
8.698970004
8.698970004
8.698970004
8.522878745
4.698970004
5.113509275
5.229147988
5.045757491
8.522878745
7.619788758
4.552841969
6.050609993
5.130768280
4.721246399
6.154901960
5.148741651
5.154901960
3.000000000
7.562249437
7.974694135
6.910094889
7.869666232
6.204119983
7.950781977
8.769551079
8.167491087
9.154901960
8.366531544
9.000000000
9.045757491
7.838631998
8.769551079
8.148741651
8.522878745
7.273272791
8.408935393
7.609064893
7.200659451
6.853871964
7.000000000
9.000000000
4.920818754
5.070581074
9.744727495
7.677780705
6.318758763
6.368556231
7.568636236
9.721246399
7.602059991
6.525783736
6.886056648
8.823908741
7.173925197
5.481486060
6.657577319
6.886056648
7.214670165
6.105683937
6.823908741
7.522878745
6.170053304
6.568636236
8.096910013
8.494850022
8.244125144
8.795880017
8.744727495
8.366531544
8.744727495
8.795880017
8.744727495
8.886056648
8.769551079
8.309803920
9.154901960
8.769551079
8.431798276
8.721246399
8.795880017
9.522878745
8.638272164
8.721246399
8.638272164
3.903089987
5.338187314
6.795880017
7.721246399
7.327902142
6.004364805
7.283996656
7.721246399
4.806875402
8.275724130
5.756961951
7.886056648
6.886056648
6.812479279
6.522878745
7.275724130
6.681936665
6.468521083
5.522878745
7.585026652
6.153662888
6.841637508
6.642065153
5.522878745
6.342944147
5.522878745
5.730487056
4.522878745
5.954677021
6.962573502
4.522878745
7.036212173
6.752026734
6.102372909
4.000000000
4.000000000
4.000000000
4.000000000
6.167491087
5.000000000
4.000000000
4.000000000
4.301029996
5.397940009
4.712198270
4.522878745
4.468521083
4.000000000
8.065501549
8.537602002
7.585026652
7.267606240
8.721246399
8.958607315
8.958607315
7.356547324
9.154901960
8.769551079
8.455931956
8.823908741
9.638272164
6.539102157
9.301029996
8.431798276
8.136677140
9.154901960
9.619788758
9.920818754
9.221848750
5.931814138
9.154901960
6.809668302
9.221848750
6.958607315
5.522878745
7.522878745
7.602059991
6.886056648
6.251811973
7.698970004
6.000000000
7.886056648
6.057991947
4.481486060
7.045757491
6.344861565
7.568636236
7.124938737
7.142667504
7.161150909
5.267606240
6.278189385
4.173925197
6.607303047
6.795880017
6.596879479
6.647817482
9.040958608
8.096910013
4.677780705
5.096910013
7.721246399
7.537602002
8.318758763
5.801342913
7.008773924
6.283996656
7.152303979
8.107905397
7.086186148
7.406713933
7.958607315
6.853871964
8.275724130
9.000000000
7.920818754
6.721246399
6.334419009
6.443697499
7.866461092
8.045757491
4.000000000
6.585026652
7.657577319
6.522878745
8.522878745
8.040958608
6.522878745
6.050609993
4.000000000
6.602059991
6.903089987
8.602059991
7.522878745
8.301029996
7.136677140
8.522878745
9.000000000
7.920818754
8.050609993
7.886056648
7.522878745
8.180456064
7.935542011
8.045757491
5.267606240
7.835647144
6.568636236
7.031517051
8.397940009
8.698970004
5.301029996
8.301029996
6.602059991
7.494850022
6.469800302
7.886056648
8.096910013
7.322393047
7.240332155
7.494850022
4.000000000
7.515700161
8.346787486
8.455931956
6.546681660
7.522878745
3.000000000
3.931814138
8.221848750
6.795880017
6.665144310
8.074687909
6.397940009
5.428291168
4.000000000
4.301029996
3.602059991
5.665546249
6.000000000
6.408935393
6.958212681
8.397940009
8.267606240
5.853871964
5.522878745
5.585026652
7.217455716
7.327902142
5.522878745
6.119186408
4.667157733
7.462180905
8.236572006
6.301029996
7.486249850
4.000000000
8.397940009
6.744727495
4.000000000
7.958607315
8.187086643
8.522878745
8.207608311
8.686132780
6.687822644
8.045757491
8.212539525
8.721246399
6.578396073
5.823908741
6.847711656
5.455931956
6.821023053
7.060480747
6.401209493
8.826813732
7.823908741
7.978810701
7.753255290
8.397940009
7.251811973
7.318758763
7.106071873
6.684638513
8.397940009
5.877784122
8.698970004
8.251811973
7.013228266
7.920818754
8.221848750
8.557520231
8.522878745
8.568636236
8.096910013
8.420216403
8.050122296
6.782516056
5.638272164
7.602059991
6.063486258
8.455931956
8.214670165
8.301029996
8.522878745
5.700057100
6.552841969
4.823908741
6.116338565
8.055517328
4.045757491
6.214670165
7.481486060
7.219682688
6.022276395
7.657577319
8.522878745
6.657577319
5.992252222
6.443697499
7.913640169
8.286509457
8.397940009
6.443697499
6.853871964
4.481486060
8.522878745
3.301029996
6.638272164
8.045757491
8.221848750
6.552841969
8.522878745
4.795880017
6.920818754
7.086186148
7.376750710
8.522878745
8.795880017
7.698970004
4.407823243
7.229147988
8.494850022
7.823908741
7.080921908
8.070581074
8.958607315
8.698970004
6.657577319
4.250031916
8.522878745
8.309803920
8.318758763
7.886056648
8.154901960
6.602059991
8.638272164
7.301029996
7.167491087
5.522878745
7.397940009
7.065501549
7.337242168
7.017728767
8.301029996
6.970616222
7.522878745
7.619788758
6.853871964
6.235077015
8.698970004
6.913640169
7.356547324
9.000000000
4.397940009
5.013228266
6.207608311
7.920818754
6.013228266
7.853871964
7.823908741
6.200659451
8.142667504
7.292429824
7.552841969
6.142667504
7.154901960
6.593459820
8.677780705
6.327902142
7.769551079
6.200659451
4.886056648
6.267606240
7.619788758
7.537602002
6.270025714
7.173925197
5.920818754
7.537602002
6.853871964
7.060480747
6.207608311
7.489991487
6.602059991
6.657577319
6.958607315
6.991399828
7.221848750
6.769551079
6.856985200
8.060480747
8.259637311
8.585026652
8.337242168
7.769551079
6.292429824
5.904133547
6.327902142
10.096910010
7.288192771
6.327902142
8.309803920
8.366531544
4.508638306
3.688246139
3.301029996
7.638272164
4.130181792
6.186419011
7.283996656
6.420216403
6.886056648
6.537602002
7.267606240
7.657577319
6.795880017
6.602059991
6.508638306
7.920818754
5.522878745
6.889410290
7.939302160
7.045757491
7.677780705
8.251811973
7.537602002
6.698970004
7.187086643
7.096910013
8.886056648
8.327902142
6.366531544
7.301029996
6.585026652
7.301029996
5.638272164
6.060480747
5.102372909
6.376750710
6.568636236
6.376750710
4.795880017
3.777283529
7.397940009
6.142064735
5.933674075
6.522878745
8.318758763
8.244125144
4.522878745
7.036212173
6.920818754
6.698970004
8.443697499
7.958607315
6.468521083
5.318758763
6.899629455
4.823908741
3.285670240
3.301029996
6.958607315
4.823908741
6.769551079
5.552841969
3.725842151
4.387216143
4.283996656
9.823908741
5.714442691
9.318758763
3.427128398
3.000000000
4.586700236
7.161150909
6.793174124
6.565431096
7.494850022
7.000000000
5.657577319
3.000000000
7.397940009
5.853871964
7.040958608
5.408935393
4.619788758
4.677780705
3.000000000
3.000000000
5.677780705
3.000000000
4.431798276
4.008773924
7.744727495
3.721246399
4.806875402
3.928117993
8.642065153
5.508638306
5.795880017
5.114073660
5.013228266
8.096910013
3.970616222
5.455931956
4.026872146
5.721246399
5.130768280
9.221848750
4.896196279
4.774690718
4.823908741
4.297569464
3.607303047
6.494850022
4.292429824
7.585026652
7.657577319
7.327902142
7.721246399
7.677780705
4.096367484
8.721246399
6.327902142
8.060480747
7.154901960
6.721246399
4.522878745
8.275724130
4.000000000
4.000000000
4.000000000
7.455931956
6.455931956
4.000000000
3.939302160
4.000000000
4.000000000
8.443697499
5.602059991
5.481486060
7.481486060
8.568636236
8.481486060
4.522878745
8.508638306
8.585026652
8.481486060
8.136677140
8.065501549
5.040958608
6.468521083
6.000000000
4.522878745
5.657577319
6.275724130
5.464705880
5.427128398
9.000000000
5.657577319
6.060480747
6.596879479
7.309803920
7.292429824
7.886056648
8.337242168
6.500312917
7.055517328
7.568636236
6.970616222
6.610833916
6.251811973
6.161150909
5.721246399
7.124938737
7.207608311
6.510041521
6.510041521
6.471083300
7.070581074
7.387216143
7.508638306
7.292429824
6.585026652
7.920818754
7.795880017
8.045757491
8.221848750
8.154901960
8.000000000
7.657577319
8.283996656
7.136677140
6.621602099
7.795880017
6.744727495
8.096910013
6.540607512
6.823908741
6.995678626
7.721246399
7.958607315
8.060480747
8.283996656
7.769551079
7.301029996
7.173925197
8.096910013
7.920818754
7.853871964
7.167491087
6.782516056
7.508638306
6.958607315
7.070581074
6.835647144
6.910094889
6.730487056
5.468521083
6.309803920
7.031517051
5.000000000
6.962573502
6.928117993
5.765735876
5.193820026
7.200659451
6.818156412
6.387216143
6.455931956
5.508638306
6.392544977
6.730487056
6.742321425
8.397940009
7.744727495
7.657577319
7.568636236
7.124938737
7.408935393
3.602059991
6.211124884
8.552841969
8.823908741
8.236572006
4.204119983
3.749579998
6.292429824
5.366531544
8.537602002
4.505149978
5.229147988
4.000000000
8.346787486
8.267606240
6.698970004
4.000000000
5.055517328
6.920818754
5.070581074
5.568636236
6.962573502
5.602059991
8.301029996
8.000000000
5.795880017
8.301029996
7.397940009
8.221848750
8.221848750
7.602059991
7.366531544
5.705533774
6.568636236
4.301029996
7.455931956
4.886056648
6.602059991
7.585026652
3.913640169
8.568636236
4.636388020
4.000000000
5.397940009
4.031517051
9.102372909
6.500312917
4.000000000
7.337242168
7.259637311
7.698970004
4.000000000
3.301029996
7.795880017
3.408935393
6.920818754
4.522878745
4.301029996
7.657577319
6.148741651
7.568636236
4.361510743
4.283996656
8.387216143
5.251811973
5.318758763
9.193820026
7.657577319
7.920818754
5.008773924
7.154901960
6.568636236
8.481486060
7.602059991
8.318758763
7.267606240
7.508638306
6.872895202
6.600326279
7.889410290
7.075720714
8.086186148
7.602059991
5.585026652
7.148741651
7.823908741
5.698970004
5.886056648
7.585026652
5.841637508
5.886056648
8.244125144
6.221848750
6.412289035
7.376750710
6.200659451
8.619788758
5.856360765
6.525783736
7.677780705
4.920818754
3.744727495
7.337242168
5.036212173
5.657577319
5.414539270
6.301029996
6.358525889
7.920818754
8.200659451
7.045757491
8.244125144
7.494850022
8.045757491
6.341988603
6.636388020
7.468521083
5.958607315
6.853871964
4.744727495
6.455931956
6.978810701
8.259637311
5.289882635
7.494850022
7.721246399
5.075720714
3.023191663
4.769551079
3.684029655
5.468521083
5.619788758
8.408935393
7.698970004
8.148741651
7.251811973
7.167491087
8.000000000
8.455931956
8.167491087
7.552841969
7.327902142
8.568636236
7.113509275
8.397940009
6.818156412
7.853871964
5.769551079
6.468521083
5.638272164
7.376750710
7.036212173
3.136082623
5.173925197
4.497572880
3.769551079
8.886056648
3.987162775
8.200659451
6.879426069
8.214670165
7.638272164
7.055517328
8.318758763
6.004364805
7.113509275
8.229147988
7.040958608
7.327902142
6.688246139
8.431798276
8.200659451
8.823908741
5.795880017
8.568636236
8.366531544
7.050609993
6.987162775
6.935542011
7.568636236
8.107905397
7.619788758
7.522878745
7.251811973
7.769551079
7.283996656
6.482804102
6.962573502
8.148741651
8.494850022
7.619788758
7.823908741
7.568636236
7.657577319
7.026872146
7.744727495
7.180456064
7.568636236
7.275724130
8.096910013
7.886056648
8.045757491
7.060480747
7.853871964
8.958607315
9.420216403
8.267606240
7.585026652
7.481486060
7.568636236
8.698970004
7.207608311
8.698970004
7.769551079
9.000000000
7.508638306
8.397940009
7.119186408
8.698970004
8.522878745
8.522878745
7.045757491
7.552841969
8.154901960
8.301029996
8.397940009
7.795880017
5.000000000
7.494850022
4.849857838
4.000000000
6.920818754
8.000000000
7.958607315
7.769551079
8.397940009
7.045757491
7.721246399
6.292429824
8.431798276
5.939302160
7.958607315
5.000000000
8.443697499
8.167491087
5.259637311
9.301029996
5.657577319
7.886056648
8.585026652
7.214670165
6.366531544
7.657577319
7.522878745
8.920818754
4.275724130
4.569924944
6.847711656
5.107905397
7.886056648
8.769551079
7.221848750
7.356547324
4.455931956
4.638272164
5.397940009
4.079981084
5.154901960
5.920818754
6.244125144
6.200659451
4.000000000
7.657577319
8.058985756
3.698970004
4.173925197
4.360513511
4.363512104
3.487715937
5.474955193
3.599980365
3.546987609
6.050609993
4.327902142
7.443697499
6.096910013
6.591760035
7.522878745
5.154901960
7.443697499
4.173925197
3.663540266
6.471083300
4.677780705
4.728158393
7.795880017
6.536107011
6.397940009
6.525783736
6.910094889
6.331614083
6.978810701
3.869988050
7.585026652
7.267606240
6.301029996
5.301029996
4.657577319
3.721246399
6.616184634
6.213248578
6.575118363
5.522878745
4.616184634
6.460923901
6.005243055
7.795880017
6.549750892
6.360513511
7.275724130
6.429457060
5.130768280
7.886056648
7.619788758
7.455931956
6.515700161
3.721246399
4.508638306
3.607303047
3.575118363
3.304518324
4.769551079
3.301029996
3.000000000
3.301029996
3.555955204
3.301029996
3.707743929
3.747146969
3.782516056
3.903089987
3.301029996
3.607303047
4.154901960
7.301029996
8.045757491
7.619788758
7.677780705
7.186419011
4.000000000
4.000000000
4.000000000
4.000000000
6.995678626
6.943095149
7.060480747
7.886056648
6.619788758
7.443697499
8.886056648
5.420216403
9.481486060
7.481486060
7.026872146
6.886056648
6.958607315
6.853871964
6.552841969
7.142667504
7.281166282
7.331520897
7.582196277
7.325414398
4.301029996
4.301029996
6.638272164
7.142667504
5.920818754
7.920818754
4.920818754
3.000000000
3.000000000
7.585026652
7.327902142
4.000000000
5.619788758
4.000000000
4.000000000
8.958607315
7.585026652
6.647817482
5.518844129
7.096910013
6.031050319
7.677780705
6.337242168
7.494850022
8.744727495
6.221848750
8.259637311
6.823908741
8.397940009
8.045757491
8.000000000
7.221848750
6.091514981
8.107905397
8.578396073
4.000000000
4.000000000
4.000000000
9.251811973
9.292429824
7.229147988
7.823908741
6.995678626
7.272458743
7.118045029
6.525783736
7.987162775
7.301029996
5.522878745
5.522878745
5.522878745
8.275724130
7.292429824
8.420216403
7.221848750
7.657577319
5.468521083
7.769551079
7.795880017
7.823908741
9.431798276
5.552841969
7.481486060
8.397940009
5.739928612
6.823908741
7.853871964
8.585026652
4.000000000
4.000000000
6.742321425
6.950781977
7.716698771
6.568636236
8.193820026
7.236572006
6.187086643
6.886056648
7.886056648
6.268411235
8.744727495
8.000000000
8.200659451
8.330683119
5.522878745
5.522878745
6.823908741
3.298432015
4.000000000
4.000000000
4.000000000
6.677780705
8.602059991
8.421360790
8.124938737
8.027334408
6.853871964
7.568636236
7.251811973
7.036212173
7.552841969
6.602059991
8.207608311
7.148741651
7.522878745
8.259637311
4.920818754
8.154901960
8.397940009
5.514420523
8.522878745
7.795880017
7.013228266
6.218963061
7.568636236
7.236572006
7.744727495
7.455931956
7.744727495
7.698970004
7.769551079
7.337242168
8.522878745
8.522878745
7.301029996
7.301029996
8.036212173
4.000000000
8.537602002
7.136677140
4.000000000
4.000000000
4.000000000
4.000000000
4.000000000
6.393618635
7.130768280
6.954677021
7.886056648
4.055517328
6.494850022
7.301029996
6.443697499
6.744727495
6.301029996
3.903089987
9.045757491
5.337242168
7.026872146
5.071809052
3.602059991
4.301029996
4.301029996
6.468521083
5.744727495
5.841637508
7.537602002
7.091514981
7.229147988
8.301029996
6.530177984
8.638272164
8.229147988
6.958607315
8.795880017
7.356547324
7.958607315
8.698970004
7.142667504
4.397940009
8.920818754
3.000000000
7.292429824
8.795880017
7.595166283
6.795880017
8.958607315
6.619788758
7.200659451
5.481486060
7.508638306
8.522878745
8.958607315
8.853871964
5.913640169
7.869666232
8.180456064
8.698970004
8.221848750
8.154901960
7.244125144
6.920818754
8.387216143
7.173925197
6.004364805
7.200659451
5.537602002
8.221848750
8.698970004
7.602059991
8.221848750
5.533132380
7.853871964
8.096910013
6.920818754
6.000000000
9.036212173
8.455931956
8.698970004
7.522878745
8.397940009
5.048128443
7.362510270
7.299296283
6.909036923
9.698970004
4.744727495
3.000000000
6.443697499
7.045757491
7.193820026
9.552841969
7.769551079
7.148741651
7.429457060
8.494850022
7.568636236
5.446116973
8.508638306
5.568636236
4.283996656
7.657577319
9.886056648
5.431798276
3.301029996
5.431798276
7.455931956
6.537602002
7.070581074
8.251811973
6.815308569
6.640164518
7.022276395
6.655607726
7.107905397
6.373659633
3.647817482
4.000000000
3.610833916
5.552841969
8.154901960
8.698970004
8.585026652
4.485053995
5.886056648
4.059981845
6.244125144
7.193820026
7.148741651
7.508638306
6.832682665
7.346787486
7.036212173
3.557520231
4.853871964
7.292429824
7.036212173
7.823908741
7.327902142
7.920818754
7.200659451
7.920818754
8.638272164
4.849857838
6.847711656
7.721246399
5.876148359
7.958607315
4.379968105
5.795880017
3.000000000
3.362510270
6.308918508
3.962573502
3.602059991
3.716698771
3.829738285
3.000000000
7.327902142
7.494850022
7.301029996
7.096910013
7.148741651
7.886056648
7.920818754
7.180456064
7.568636236
6.744727495
5.455931956
6.651695137
8.698970004
6.780939668
7.588380294
7.886056648
6.602059991
7.795880017
8.301029996
4.000000000
5.974694135
5.906578315
6.522878745
7.638272164
6.913640169
8.744727495
7.443697499
7.552841969
7.568636236
7.698970004
3.821023053
3.000000000
3.663540266
3.602059991
4.517126416
4.435333936
8.552841969
8.000000000
8.096910013
8.522878745
7.244125144
7.167491087
8.096910013
6.080921908
7.051489231
8.764471553
7.113509275
6.886056648
6.958607315
5.619788758
6.920818754
6.004364805
6.920818754
6.958607315
6.070581074
6.508638306
6.346787486
6.958607315
6.366531544
7.113509275
7.086186148
7.292429824
6.221125528
6.447331784
6.950781977
7.096910013
7.167491087
8.522878745
7.301029996
7.130768280
7.585026652
7.431798276
8.075720714
7.602059991
7.647238808
7.295334815
7.344861565
7.801342913
4.301029996
4.301029996
4.301029996
4.301029996
4.301029996
4.301029996
4.301029996
4.301029996
6.180456064
6.356547324
6.173925197
3.000000000
3.602059991
3.000000000
3.000000000
3.000000000
4.536107011
3.903089987
9.154901960
3.000000000
3.000000000
3.301029996
3.000000000
7.369572125
7.266802735
7.469800302
8.130768280
8.657577319
7.769551079
7.958607315
8.283996656
3.000000000
3.000000000
5.431798276
3.602059991
7.309803920
5.420216403
6.008773924
5.958607315
5.619788758
4.301029996
4.301029996
4.000000000
4.000000000
4.000000000
4.000000000
9.468521083
5.693360559
6.214670165
5.142667504
7.744727495
5.522878745
6.392544977
8.795880017
7.721246399
5.721246399
5.693360559
4.401866354
5.598771833
6.443697499
5.645315446
4.958607315
8.397940009
7.958607315
8.522878745
6.673664139
6.408935393
8.013228266
8.180456064
7.124938737
7.823908741
7.096910013
9.886056648
8.346787486
6.397940009
7.769551079
7.823908741
8.301029996
8.096910013
7.221848750
8.154901960
8.823908741
8.698970004
8.045757491
7.602059991
6.602059991
8.221848750
6.886056648
7.070581074
6.795880017
6.823908741
6.935542011
7.853871964
4.000000000
4.000000000
4.000000000
4.000000000
4.000000000
7.356547324
5.958607315
7.080921908
4.431798276
7.309803920
9.301029996
9.408935393
6.494850022
8.638272164
7.275724130
8.187086643
4.124938737
8.275724130
6.712198270
6.244887734
7.297569464
7.248720896
7.343901798
7.321481621
7.239577517
7.374687549
7.508638306
6.074172425
5.522878745
6.019996628
7.148741651
5.522878745
6.007004902
6.610833916
8.769551079
6.625251654
3.903089987
9.259637311
6.378823718
7.420216403
5.161150909
5.050609993
8.200659451
7.026872146
7.677780705
6.987162775
7.142667504
8.346787486
8.397940009
8.251811973
9.200659451
9.207608311
6.590066877
7.698970004
7.568636236
6.847711656
4.705533774
6.494850022
8.142667504
6.896196279
6.935542011
4.000000000
4.000000000
4.000000000
5.515700161
6.742321425
7.795880017
6.721246399
8.107905397
6.481486060
6.602059991
7.221848750
7.000000000
7.468521083
7.342944147
8.301029996
7.744727495
7.578396073
7.823908741
6.642065153
7.856985200
8.017728767
8.013228266
6.568636236
7.528708289
6.856985200
7.853871964
6.769551079
7.585026652
8.096910013
6.136082623
8.000000000
7.075720714
8.251811973
5.744727495
4.000000000
5.552841969
4.000000000
7.677780705
8.275724130
6.630784143
5.818156412
7.795880017
8.309803920
8.397940009
4.730487056
4.735182177
4.447331784
7.677780705
7.221125528
7.943095149
7.113509275
5.568636236
7.638272164
7.267606240
3.486782400
5.522878745
10.920818750
9.000000000
7.154901960
8.318758763
8.886056648
4.000000000
4.000000000
4.000000000
4.000000000
4.000000000
4.000000000
4.000000000
4.000000000
5.000000000
4.000000000
4.000000000
6.468521083
8.086186148
7.136677140
6.145693958
8.167491087
8.522878745
8.795880017
8.920818754
8.218244625
7.999132278
7.958607315
4.000000000
8.508638306
8.180456064
8.040958608
8.721246399
8.537602002
6.578396073
8.080921908
6.094204120
7.657577319
6.060480747
6.244125144
6.886056648
8.173925197
8.468521083
7.420216403
7.309803920
6.214670165
8.397940009
6.823908741
6.562249437
4.384049948
4.432973634
9.000000000
6.397940009
6.190440285
5.795880017
7.008773924
5.397940009
7.602059991
5.958607315
7.769551079
7.154901960
6.823908741
5.853871964
7.455931956
6.841637508
7.154901960
6.494850022
7.124938737
4.056011125
4.698970004
4.853871964
4.096910013
3.031050319
8.301029996
7.193820026
6.737548910
8.000000000
7.207608311
6.826813732
7.657577319
8.124938737
7.619788758
5.568636236
7.823908741
7.537602002
7.259637311
8.397940009
8.397940009
7.698970004
8.221848750
7.769551079
7.221848750
7.958607315
7.769551079
6.698970004
8.397940009
5.376750710
7.698970004
8.698970004
8.045757491
5.360115258
6.481486060
6.283996656
7.397940009
6.920818754
6.223298816
4.853871964
3.000000000
4.279014256
6.991399828
6.698970004
7.638272164
7.958607315
8.180456064
8.431798276
7.698970004
7.244125144
7.920818754
4.780415474
5.931814138
6.661543506
4.000000000
4.000000000
4.000000000
4.000000000
4.000000000
4.000000000
4.000000000
4.000000000
4.000000000
4.000000000
6.422508200
6.465973894
6.714442691
6.040958608
6.924453039
3.725842151
6.787812396
3.879426069
4.730487056
6.352617030
7.080921908
5.530177984
4.000000000
4.259637311
5.958607315
6.958607315
4.698970004
4.638272164
4.000000000
4.000000000
4.000000000
6.795880017
6.113509275
6.275724130
6.356547324
7.154901960
6.886056648
6.568636236
7.154901960
4.323855320
8.000000000
6.124938737
7.154901960
6.769551079
8.327902142
7.552841969
6.588380294
7.000000000
7.026872146
3.301029996
3.646468441
4.297569464
6.455931956
5.823908741
6.060480747
6.958607315
6.958607315
6.823908741
6.568636236
7.047691990
7.716698771
7.730487056
7.703334810
5.640164518
4.000000000
6.187086643
7.712198270
4.000000000
8.236572006
5.910094889
4.000000000
5.974694135
4.958607315
5.651695137
5.903089987
4.000000000
8.154901960
9.221848750
5.602059991
5.484258583
7.200659451
8.744727495
9.080921908
6.161150909
7.309803920
8.795880017
9.769551079
7.698970004
7.408935393
7.031517051
6.388276692
6.686132780
5.602059991
8.148741651
7.468521083
8.070581074
8.091514981
8.431798276
6.853871964
7.267606240
3.602059991
9.420216403
7.004364805
6.268411235
7.721246399
8.096910013
8.221848750
6.075720714
7.136677140
8.022276395
5.522878745
6.698970004
6.806597097
9.397940009
7.889410290
8.537602002
6.113509275
6.657577319
9.886056648
8.522878745
5.443697499
4.481486060
7.000000000
7.346787486
5.823908741
5.244125144
7.000000000
7.136677140
5.920818754
9.397940009
8.853871964
8.795880017
7.598599459
8.397940009
6.161780778
6.876148359
7.075720714
4.000000000
5.585026652
4.790484985
5.522878745
4.251811973
4.000000000
5.384049948
6.155522824
7.173925197
9.301029996
8.823908741
9.853871964
9.221848750
9.251811973
7.795880017
6.696803943
4.346787486
6.879426069
7.638272164
4.397940009
6.432973634
5.522878745
6.931814138
6.759450752
7.301029996
6.705533774
6.522878745
6.838631998
8.301029996
6.915209309
7.267606240
7.522878745
8.301029996
8.698970004
7.706858517
6.677780705
7.537602002
9.000000000
7.595166283
7.716698771
6.602059991
4.000000000
7.795880017
8.795880017
6.292429824
8.366531544
4.975104040
3.583359493
6.113509275
6.089674475
8.180456064
4.000000000
7.886056648
8.585026652
7.721246399
7.431798276
6.096910013
8.698970004
9.000000000
4.293623644
4.481486060
4.883724412
4.866461092
6.471340355
4.504455662
6.313363731
5.522878745
6.248797905
4.000000000
8.096910013
3.602059991
8.267606240
8.080921908
7.920818754
8.397940009
8.522878745
7.886056648
5.826813732
6.252588192
7.376750710
7.283996656
6.991399828
5.698970004
7.236572006
7.096910013
6.102372909
9.420216403
8.167491087
7.886056648
7.552841969
7.244125144
5.920818754
8.070581074
6.819014419
7.732828272
9.823908741
7.214670165
6.292429824
8.397940009
7.698970004
4.906578315
3.903089987
5.698970004
7.698970004
8.397940009
8.251811973
3.301029996
8.244125144
7.065501549
3.000000000
6.692503962
5.251811973
3.543633967
7.070581074
3.301029996
4.000000000
3.602059991
8.080921908
4.638272164
8.207608311
8.366531544
5.522878745
5.795880017
6.113509275
5.795880017
7.769551079
7.698970004
6.886056648
8.508638306
5.853871964
8.207608311
5.795880017
8.107905397
5.050609993
7.619788758
7.193820026
7.221848750
7.508638306
7.886056648
7.065501549
6.103473783
7.251811973
7.823908741
7.167491087
7.508638306
8.154901960
8.130768280
8.236572006
5.443697499
7.036212173
6.374687549
6.850780887
5.595166283
7.229147988
7.022276395
6.309803920
5.823908741
7.075720714
6.292429824
4.000000000
8.086186148
7.886056648
3.793174124
7.455931956
7.958607315
4.408935393
5.488116639
7.677780705
5.435333936
5.847711656
6.598599459
3.000000000
8.537602002
7.920818754
5.107905397
7.886056648
7.431798276
5.602059991
6.224025669
5.356547324
4.301029996
7.420216403
7.508638306
7.721246399
6.431798276
5.303643611
6.299997603
6.756961951
7.958607315
7.522878745
6.494850022
4.289036881
6.882728704
8.301029996
5.327902142
7.275724130
7.309803920
5.795880017
4.795880017
7.698970004
6.958607315
6.928117993
4.795880017
8.065501549
8.301029996
6.423658650
6.679853714
7.638272164
8.251811973
8.096910013
7.229147988
8.096910013
8.455931956
7.275724130
8.698970004
8.657577319
8.698970004
6.744727495
6.886056648
7.657577319
8.031517051
7.420216403
7.154901960
7.022276395
4.522878745
3.400116928
3.546987609
6.982966661
7.481486060
3.000000000
7.096910013
8.698970004
6.716698771
3.000000000
3.671620397
3.521433504
6.376750710
4.000000000
3.379863945
3.000000000

