-0.7700
-3.3000
-2.0600
-7.8700
-1.3300
-1.5000
-7.3200
-5.0300
-6.2900
-4.4200
1.0700
-4.1400
-2.6800
-2.6400
-7.9600
-1.4100
-0.4700
-1.0000
-3.6400
-2.9400
-7.4300
-4.5940
-4.1100
-2.3500
-5.4700
-1.8100
-1.3900
-1.6610
-6.9000
-3.1700
-3.7500
-4.7550
-4.8050
-1.6400
-5.2200
-0.8500
-3.5040
-3.9270
-4.1500
-4.8100
-4.8800
-0.1500
-1.6550
-2.5300
-0.6300
-1.5500
-3.0830
-3.1270
-4.7600
-1.9400
-3.6600
-2.1700
-8.0570
-2.5230
-8.6000
-0.6200
-5.0500
-4.1400
-6.5700
-0.1900
-9.1500
-0.8200
-3.6800
-0.8000
-2.8100
-5.9310
-4.0600
-0.6670
-2.6800
-5.2700
-3.3800
-5.4600
-1.9600
-2.3690
-2.2500
-1.9200
-5.8860
-6.0100
-1.7300
-3.4930
-1.9950
-0.4660
0.3200
-2.7700
-3.2800
-3.6700
-6.8760
-0.8000
-2.3500
-5.3600
-3.4800
-3.4600
-6.0000
-1.3400
-4.2900
-4.0700
-5.6400
-7.2500
-1.6000
-3.2700
-3.4500
-5.4300
0.3900
-0.6300
-4.1700
0.5800
-1.7400
-1.5060
-2.5500
-1.2300
-3.6100
-4.7000
-3.1800
0.0000
-5.1700
-2.5230
-1.4500
-4.4320
-5.2100
-4.5400
-3.0300
-4.8000
-5.6500
-1.0100
-5.5100
-0.6000
-2.2400
-7.3370
0.7600
-4.4300
0.3600
-3.4300
-2.0900
-0.8200
-4.2600
-3.0400
-2.4100
-1.8860
-3.5500
-4.3500
-2.5400
0.4500
-1.9600
-1.9200
-2.8200
-1.9470
1.5700
-2.4680
0.5200
-1.0770
-1.9500
0.8100
-1.2400
-2.7300
-1.8700
-0.7200
-1.9900
-0.0200
-6.6200
-3.0800
-2.2530
-6.0100
-1.3000
-3.0820
-3.0430
-2.4600
-5.2800
-6.5230
-0.2200
-6.1240
-4.5700
-1.8070
-4.6500
-1.0000
-1.1300
-6.3010
-1.0600
-2.3900
-2.5800
-2.3370
-3.6800
-8.6000
-2.9250
-0.0920
-5.7520
-5.6600
1.1000
-4.6300
-7.3200
-0.7200
-3.8000
-1.6010
-2.0500
-1.9600
-2.2800
-5.6960
-2.3600
-4.2400
-3.5200
-1.1000
-3.0940
1.3400
-0.4100
-4.8620
-3.4080
0.5700
-2.2960
-2.1600
-1.8000
-1.4700
-0.0400
-4.3600
-4.0000
-1.6400
-3.8960
-6.5600
0.3800
-2.0600
-5.7360
-3.5710
-8.8040
-2.8200
-4.4000
-2.3400
-1.1390
-3.1900
-3.6580
-2.0300
-1.9900
-4.5700
-0.4400
-1.1600
-4.1600
0.0600
-4.6200
-3.8500
-1.7700
-1.3000
-0.7200
-0.7000
-0.6000
-0.8500
-2.1680
-4.0460
-3.3000
-3.7850
-2.6160
-3.5900
-4.0900
0.6200
-2.6200
-0.4500
-2.2300
0.8500
-5.3500
-1.2200
-3.6000
-1.7000
-4.0970
-7.0200
-6.3400
-6.8900
-7.2800
-4.6780
-2.8900
-3.3700
-4.1300
-2.3700
-6.9800
-0.7400
-3.4000
-2.7800
-8.4020
-2.0160
-4.0400
-4.5500
1.0900
-0.6000
-1.4800
-2.0900
-1.8200
-2.3300
-2.7660
-3.2100
-4.0000
-2.4000
-4.6200
-1.7400
-5.1530
-5.8400
-4.4000
-4.0200
0.5230
-5.2820
-4.5760
-2.4100
-3.1200
-9.1600
-0.4100
-8.3340
-3.3240
-1.2900
-1.3400
-6.4900
-4.6400
-4.1940
-4.0000
-2.3100
-3.2000
-1.2900
-3.9990
-2.1700
-4.4700
-2.6800
-0.2400
-3.1300
-7.0000
-1.4880
-2.1200
-7.2100
-2.5960
-8.2300
-3.1500
-2.3220
-6.2900
-3.5360
-1.7160
-1.0400
-1.7500
-3.2200
-4.2000
-3.5100
-0.4900
-3.7600
-1.3700
-4.2600
-4.6000
-3.4200
-3.4300
-3.6700
-3.1100
0.7400
-0.6800
-3.5860
-6.0050
-3.3900
-2.6960
-4.1000
-1.6000
-0.6600
0.4300
-3.7700
-1.9000
-4.4300
-3.3700
-2.3900
0.3200
-3.9240
-6.5700
-1.8700
-4.3280
-1.7800
-3.2600
-2.5900
-3.0900
1.1000
-2.9200
-0.1400
-2.5500
-4.7700
-1.8770
-1.8000
-3.0100
-3.7800
-0.9850
-4.1900
-1.3000
-1.9200
-3.0000
-2.4040
-2.3500
-1.8400
-5.4700
-2.4780
-4.4400
-1.2100
-0.3600
-1.8030
-0.8000
-4.7300
-6.9600
-3.2000
-2.3600
-2.7400
-3.3500
-0.8300
-3.3300
-6.3900
-4.8730
-2.5400
-3.1400
-3.8100
-4.2800
-0.8900
-2.2300
-4.6300
-0.9500
-3.4830
-3.5920
-0.8800
-2.1540
-3.3600
-2.3600
-0.7400
-6.3070
0.4900
-1.9600
-7.2800
-3.8100
-3.0000
-4.4200
-4.4110
-5.4000
-4.5000
-3.9520
-2.3560
-2.0800
-1.7700
-3.0830
-5.2590
-4.8600
-3.1000
-7.2780
-2.8600
-5.2400
-2.3900
-1.3400
-1.0600
-2.5100
-1.3200
-2.3700
-0.2440
-2.8600
-2.3800
-5.0500
-4.5600
-0.3600
-4.6400
-1.6000
-4.5710
-7.2000
-5.1840
-3.9300
-4.7490
-0.8900
-4.7400
-4.7350
-1.2500
-8.0170
-1.1600
-0.6000
-3.0300
-2.0000
-0.2900
-4.1500
-2.3220
-3.5400
-0.7800
-2.8000
-1.2900
-0.1800
-2.5500
-4.6900
-4.3100
-2.4300
-1.6000
-1.9500
-3.8100
-3.7400
-7.3210
-2.7300
-2.1900
-8.0030
0.5220
-1.9100
-0.2200
-5.2330
-0.4000
-2.8400
-1.0900
-1.5900
-4.7400
-2.8900
-3.7960
-1.9400
-1.9890
-4.2200
-8.4900
-5.6660
-4.6300
-6.3400
-4.0700
-2.8200
-3.4800
-2.5600
-0.8500
-1.2400
-1.1100
-1.6000
-3.2700
-4.4700
-1.9810
-2.4200
-1.1100
-1.5700
-2.1500
0.2600
-4.7000
-3.5900
-2.1800
0.0000
-4.1100
-4.4800
-0.1000
-0.5100
-1.6300
-2.3300
-1.1900
-2.4000
-4.7100
-3.6720
-5.0000
-3.8500
-1.9900
-1.8270
0.1100
-3.0900
-0.8500
-2.2900
-3.0400
0.6200
-3.8170
-0.2900
-2.8500
-1.1900
-2.7700
-0.6240
-6.5700
-4.9200
-4.0000
-0.7100
-0.1200
-5.5070
-2.9600
-4.4000
-4.0810
-2.5100
-6.1440
-4.3800
-7.8000
-8.0100
-3.8930
-1.9300
-1.6600
-3.3900
-2.4200
-0.7700
-5.5600
-2.7000
-3.7300
-3.0280
-2.3900
-1.5200
-2.7800
-3.5300
-1.3700
-3.1800
-1.5400
-3.4800
-7.1100
-0.9600
-0.7900
-3.8000
-5.8390
-4.2900
-1.4580
-7.9200
-4.2100
-3.6850
-2.7000
-1.5500
-6.2910
-4.1600
-4.9070
-2.6400
-2.2100
-2.9200
-2.9300
-2.7300
1.0200
-1.3600
-3.0500
-3.1800
-11.6000
-3.6640
1.5800
-3.7000
-3.5700
-0.6200
-1.3600
-3.0300
-5.2600
0.3800
-3.0100
-1.1700
-3.5900
-4.8900
-3.6800
-2.2200
-2.1900
-2.0300
-4.1900
-4.4450
-6.2000
-3.9550
-4.7060
-0.5900
-3.7960
-1.4600
-2.6700
-1.3400
-0.4100
-4.6790
-2.6300
-3.9600
-1.2800
-2.0840
-8.6990
-1.0900
-1.9900
-5.2930
-2.7300
-2.4200
-4.3700
-2.9000
-5.6000
-5.7200
-2.4360
-1.5600
-1.7080
-6.1760
-0.4300
-2.3380
-0.4200
-5.8200
-4.4020
-4.0470
-1.3000
-1.2400
-1.8000
-2.8310
-7.9200
-1.2500
-1.6200
-2.6700
-3.6300
-3.6500
-1.9400
-7.6800
-1.1550
-3.0400
0.2800
-6.5100
-1.9600
-4.1200
-4.8000
-9.0180
-3.3800
-1.8990
1.1200
-1.9600
-5.6700
-5.8900
0.7150
-0.9900
-0.8540
-4.5500
1.1100
-2.6760
-0.4000
-0.5000
-1.6140
-2.6700
-1.8500
-4.5300
-3.8500
-4.1600
-3.1100
-2.2400
-2.2900
-5.5400
-2.2100
-4.2100
-1.2200
-1.6600
-1.5200
-0.8200
-2.9280
-3.1710
-3.6600
-3.2700
-4.3700
-0.3900
-0.5500
-2.5500
-2.3500
-5.0710
-5.3700
-9.3320
-2.2660
-1.7500
-2.9800
-3.1400
-4.8710
-2.6100
-4.3800
-1.8500
-0.8070
-3.7300
-6.4700
-3.2900
-3.8000
-2.1000
-1.9900
-5.8800
-1.0600
-6.5900
-2.3300
-3.0000
-2.4840
-3.4990
-1.7400
-2.6170
-5.0800
-8.1760
-3.5380
-3.7540
-0.7000
-2.3000
-2.3200
-4.0200
-4.5300
-2.2200
-4.3000
-3.6380
-7.8500
-5.2700
-1.4500
0.5400
-5.1400
-2.9320
-2.6800
-2.5600
-3.3100
-2.2100
-2.7800
-0.9800
-5.2400
-6.3500
0.0700
0.5800
-4.1500
-2.0770
-1.1700
-2.2730
-5.9150
-3.2700
-2.1300
-3.0210
-2.6580
-8.0000
-1.5200
-1.6200
-5.8400
-2.6400
0.9600
-1.6400
-3.5400
-8.4000
-1.3300
-2.7000
0.0090
-5.4600
-1.5200
-1.2800
-5.4000
0.4300
-1.8500
-0.9100
-5.6400
-0.6200
-5.2700
0.7000
-2.4520
0.6510
0.3000
-4.2800
-4.1600
-4.6340
-3.6800
-0.0300
-3.0100
-4.3140
-7.9200
-2.3200
-2.0000
-4.3000
-4.6900
-2.5800
-8.6000
-3.0800
-3.8200
-1.2600
-6.0800
-7.4200
-2.1480
-2.0000
-2.5700
-3.0600
-0.8500
-3.1900
-0.0900
-4.3760
-5.5300
-2.0500
-1.6400
-4.0300
-2.5640
-2.4800
-2.8200
0.4800
-2.8000
0.4700
-0.1700
-4.9550
-8.0400
-0.4000
-2.5900
-0.8300
-5.3820
-7.0100
-4.7100
-3.9300
-3.1000
-3.0400
-7.1500
-1.0100
-2.3900
-4.2070
-3.8400
-0.4600
-3.5900
-7.8200
-4.9250
-3.1500
-6.7260
-4.9500
-6.9600
0.5100
-2.2800
-4.3450
-8.7100
-3.3640
-0.9200
-3.1680
0.6400
-1.4000
-4.3700
-2.8430
-8.9400
-3.5500
-1.2800
-2.0900
-4.8800
-1.4560
-3.6040
-0.7000
-3.2100
-3.0500
-1.2280
-0.7000
-4.0800
-1.9800
-6.7800
-4.4300
-1.1100
-1.0800
-2.7700
-2.2530
-6.3170
-2.6470
-6.0250
-5.1900
-0.6600
-4.1000
-3.9000
-4.7200
-6.2500
-7.3900
-0.3100
-2.0000
-5.2100
-1.4900
-2.6920
-2.7400
-1.0300
-2.1600
-4.3100
-3.5830
0.4600
-4.7430
-0.5900
-3.9310
-1.8500
-4.8000
-3.3600
-0.4900
-0.9720
-3.8400
-1.7200
-5.2300
-2.2200
0.0200
-4.6600
-0.9000
-1.0400
-3.5400
-0.6700
-3.4010
-4.4450
0.2600
-4.8800
-2.6800
-1.5200
-3.6900
-3.2300
-3.7900
-4.2500
-2.5800
-3.8800
-3.3800
-4.1140
-3.2240
0.2900
0.3800
-2.0600
-2.5180
-0.9200
-1.6000
-2.4600
-4.2300
-5.2840
-6.1400
-6.0200
-4.4600
-6.6370
-3.2400
-3.4000
-5.1150
-6.3500
-7.3900
-1.7420
-2.0900
-3.1000
-0.1200
-8.4000
-1.7400
-2.0700
-2.0500
-3.3800
-1.9700
-2.6760
-5.6800
1.1000
-2.3490
-1.8300
-5.2400
-2.2180
-6.8000
-5.0600
-4.8830
-0.3640
-0.2400
-2.4900
-1.1400
-4.5700
-4.9300
-2.8780
0.1500
-0.7300
0.1500
-1.9200
-5.1900
-2.1800
-7.8000
-2.5400
-0.2800
0.1500
-5.6130
-0.8000
-3.2390
-5.1600
-1.6800
-2.8630
-3.2200
-6.6800
-2.4600
-6.0900
-5.0300
-7.2000
-0.2200
-4.8900
-4.4500
-3.7700
-1.7900
0.7900
0.3500
-0.1700
-2.1110
-0.8500
-5.4100
-3.5000
-2.3400
-5.1600
-4.7990
-1.3000
-2.5930
-2.9430
-0.8760
-4.1730
-1.3800
-3.9600
-8.5600
0.6100
-2.1200
-2.5810
-6.8600
-1.4400
-0.9600
-3.1900
-0.7420
-1.4700
-4.5540
-1.3400
-5.8500
-2.1100
-4.2860
-2.2100
-3.7600
-3.1800
-3.9000
-3.2460
-3.6300
-4.2300
1.1440
-3.1500
-0.0100
-4.9000
-2.5700
-1.9600
-4.0990
-2.6000
-2.3500
0.1000
-4.1200
-2.3400
-1.4000
-1.8900
-3.3700
-3.3700
-2.7400
0.3200
0.9400
-4.5900
-4.8000
-3.3500
-3.5900
-3.3900
-1.0600
-3.2400
-3.4600
-2.5400
-1.6200
-2.9820
-4.2400
-3.6200
-3.1200
-8.1720
-2.9200
-1.1700
1.0200
-1.3000
-3.3000
-0.8000
-3.9280
-0.4000
-3.6100
-2.4610
-1.0800
-3.9530
-4.6320
-5.1900
-2.0900
-2.2810
-4.0600
-0.4000
-6.2370
-3.4510
-1.2100
-4.3600
-7.6600
-2.3800
-2.4400
-1.7100
0.1060
-3.0910
-3.1800
-4.5220
