20
121
39
226
266
135
265
198
218
219
189
322
338
304
171
240
148
160
300
346
131
273
272
205
229
86
309
154
195
336
214
287
129
314
163
125
186
150
308
246
281
280
194
155
42
173
37
128
33
32
11
238
31
174
276
222
201
315
185
137
217
213
55
122
340
230
172
286
176
30
96
274
15
126
345
76
202
177
192
175
81
303
178
187
21
60
215
143
25
183
132
14
297
212
342
305
134
41
28
262
147
199
237
79
167
144
299
339
85
277
341
207
58
288
23
17
211
1
232
247
209
255
0
193
242
170
256
188
203
251
156
62
190
104
64
258
312
233
65
16
138
22
204
66
260
54
235
347
77
146
196
239
284
324
326
216
120
18
80
59
323
334
83
124
220
13
67
82
180
152
298
310
331
127
6
116
38
254
250
234
57
325
267
145
270
243
61
69
311
301
182
271
103
248
231
119
289
166
10
130
63
71
294
253
168
34
123
206
320
95
153
45
191
151
19
157
118
140
99
316
200
49
169
208
108
329
40
307
133
264
241
197
228
279
89
296
330
343
317
46
7
56
259
91
24
285
290
26
257
4
223
53
9
249
319
349
110
105
313
93
306
35
97
139
225
295
90
348
36
164
245
27
29
179
337
87
92
293
88
102
275
117
8
98
12
50
321
291
181
244
224
107
84
184
48
47
292
221
327
2
149
236
52
44
73
158
115
162
282
74
106
111
159
114
75
43
94
113
70
136
261
263
344
51
72
142
68
302
328
161
5
141
100
269
78
112
283
210
278
101
3
109
165
227
252
268
318
332
333
335
