13
674
409
471
20
932
1029
402
42
11
645
754
925
876
470
590
237
591
551
481
21
997
979
764
911
549
1013
874
996
695
755
712
700
631
249
891
344
592
43
904
759
980
796
665
199
120
866
801
699
1065
251
990
1023
184
550
836
197
233
453
1066
10
838
998
79
707
915
710
893
468
858
773
260
704
837
784
538
1055
762
661
1080
698
242
250
256
696
871
296
686
839
198
977
1018
446
869
694
469
1054
400
295
193
91
770
257
763
949
574
412
345
692
9
642
393
539
589
659
443
29
186
850
1032
31
287
122
552
100
474
1076
459
1015
609
105
555
475
1060
679
360
39
65
305
961
734
307
1077
150
35
641
429
724
187
384
1001
499
772
171
741
984
583
658
224
473
689
347
298
808
714
1059
86
786
95
690
156
774
442
26
706
352
1071
751
940
976
733
849
1024
18
711
705
395
299
841
693
675
230
901
992
30
1068
844
1027
588
421
566
316
644
596
559
956
524
151
814
601
558
691
7
639
684
48
1070
942
312
520
545
428
720
1034
702
339
448
434
719
119
981
1016
462
587
1000
201
310
530
153
688
872
514
569
800
247
185
1031
1069
1063
1058
1067
768
654
406
586
826
1002
821
815
58
593
420
745
1017
969
317
77
930
111
1035
213
467
101
912
816
954
882
478
476
374
905
676
902
802
196
14
301
490
845
306
766
410
297
1081
535
804
947
143
324
723
214
24
3
188
924
366
99
697
852
846
266
666
356
216
637
369
894
931
382
769
944
985
67
807
500
810
414
578
1042
377
811
753
94
1043
633
987
632
1082
914
431
47
797
725
892
234
436
986
1041
44
701
929
226
422
1062
386
16
331
333
534
438
681
228
207
887
840
183
253
80
584
121
529
1052
211
856
259
73
348
318
419
600
739
1056
383
595
687
742
1007
36
23
683
873
875
180
336
909
1011
636
864
629
919
974
877
342
165
445
460
98
576
322
205
1064
338
346
1014
148
907
381
730
920
988
219
97
164
731
604
678
709
680
785
488
854
671
1074
222
130
25
758
363
722
581
899
178
45
832
501
941
354
167
290
831
22
430
834
540
935
160
276
433
83
235
863
103
487
561
162
532
922
335
1030
396
367
51
472
394
787
729
116
886
454
46
859
727
1036
966
962
888
795
482
885
255
908
946
391
294
960
424
173
975
62
439
556
416
523
553
1048
449
573
154
87
84
761
399
780
958
129
945
537
760
756
926
955
682
890
486
781
1025
19
673
456
653
437
452
778
951
246
258
847
825
15
157
703
479
635
970
485
327
740
835
455
959
782
1026
110
174
726
519
303
441
655
27
370
883
49
404
243
152
833
1040
669
918
483
215
843
867
203
999
248
241
516
403
830
738
33
466
509
594
936
650
851
492
195
878
921
463
387
273
971
465
716
563
950
1033
388
63
994
52
934
229
212
1
598
411
624
779
220
177
179
361
736
262
938
159
983
337
293
713
41
582
656
732
432
491
181
916
69
822
792
829
40
517
147
71
102
390
570
362
340
124
638
484
170
461
783
125
155
493
799
757
910
965
504
948
923
325
341
126
365
526
263
206
349
192
865
803
503
426
896
208
1012
364
375
112
1028
728
853
1020
897
330
1075
506
603
1039
304
353
78
85
90
92
93
1057
458
889
968
527
562
326
108
373
378
715
141
746
292
505
1049
232
223
827
664
329
525
660
415
343
513
649
554
423
261
480
8
577
1008
597
608
245
267
225
806
521
495
368
662
895
397
407
579
717
963
104
332
323
646
670
115
967
881
53
668
238
357
528
57
269
389
418
496
972
37
606
546
868
750
272
824
182
543
447
328
239
640
351
444
663
413
163
548
542
737
254
497
371
334
0
765
982
995
605
828
401
135
5
28
66
74
76
81
82
88
89
96
957
571
1073
359
158
350
964
677
494
1079
508
227
372
139
274
271
107
567
613
628
240
425
575
285
648
928
300
685
585
884
405
952
973
718
68
906
862
752
176
4
818
127
194
408
385
355
319
989
536
114
1021
204
620
172
270
417
440
511
900
498
175
708
652
477
1072
651
279
2
1051
113
123
149
1037
392
564
870
379
933
788
1019
217
75
820
510
599
749
813
789
568
380
657
12
823
320
50
451
616
145
189
457
798
244
667
236
32
1006
190
191
978
106
626
138
133
953
61
161
927
169
64
70
72
775
117
531
283
118
1003
572
791
794
202
1044
602
55
625
557
672
842
809
1046
623
991
284
60
993
790
744
221
622
857
880
607
1022
580
917
913
634
817
134
289
38
937
321
848
855
427
277
136
612
647
282
560
541
144
142
166
315
943
617
278
281
1009
288
302
137
861
1045
291
518
59
777
56
614
748
168
1005
618
793
17
280
939
544
464
6
286
547
611
450
376
489
231
903
771
200
209
515
264
721
565
767
819
1053
109
308
314
210
309
311
313
610
805
1061
131
132
898
128
140
146
879
265
522
398
643
627
435
860
1047
268
275
615
621
743
1004
358
34
54
1078
747
512
619
735
252
502
507
630
218
533
1010
812
1038
1050
776
