2333
3592
1397
1646
442
95
1818
139
905
212
871
2321
1236
2994
3690
3079
1137
364
418
3477
2478
3731
2435
901
1912
752
2939
801
2798
3865
3780
242
1458
1567
2620
3652
3901
1471
3645
2122
3686
2797
2729
2142
1044
2817
2078
3887
1421
2159
1048
4134
2734
4068
1365
3196
1367
3531
2800
2895
1677
613
1919
3509
2237
478
888
3551
3141
3274
1560
940
1191
1751
3809
4088
2383
2360
96
1035
1384
2692
2127
2047
2566
3173
1607
3361
3700
715
1890
3638
1166
1916
3003
2670
1202
1019
3365
2146
3514
2516
2779
1611
684
1124
2030
290
1034
2225
2150
1485
1781
2780
4187
2205
1531
3059
3253
331
1106
1718
178
2094
749
1894
546
695
2468
2851
875
1580
1668
3200
1577
1113
2269
747
519
890
859
1865
3726
2636
308
3600
3282
3381
1956
2956
1108
454
2161
1383
407
545
594
3766
841
1052
3232
1795
1177
1092
2344
1704
1008
223
2285
2136
2804
4141
847
1274
2876
998
1655
1601
3954
4047
2156
3054
2924
3021
596
2873
2755
1229
1390
190
409
1164
1176
286
304
2979
32
3621
1263
1950
2077
2787
943
900
3236
1572
2448
3403
3233
3533
33
629
4016
158
3106
2942
2298
302
3924
770
2273
99
4014
781
3248
970
945
3570
1719
1410
1659
2189
1904
657
4033
2250
799
3751
729
1196
321
2707
3433
1948
3505
1483
1645
2573
1183
2254
1002
2933
2715
447
3996
2089
2438
3283
3990
909
211
3355
621
1174
1088
3379
3539
628
2753
3931
1419
2601
3190
3925
1362
1855
3462
1630
2982
512
430
3243
389
3344
1425
2532
968
137
3723
1932
477
1569
1540
3182
2564
908
93
1431
1331
361
2935
365
1753
762
1525
898
1767
3993
1423
2097
18
449
3849
3335
406
671
94
317
2774
2859
515
750
771
2258
3604
4120
1214
829
1155
3165
1839
3338
3727
2581
3647
849
2063
2922
2998
3752
4137
4152
1437
398
1720
2878
1158
3048
3072
2782
2923
1308
2315
976
2704
342
937
555
2891
3628
2129
542
2004
1193
3538
537
3482
497
221
291
2793
2107
224
588
3778
616
2061
229
3392
45
1545
3520
1787
1189
2166
182
964
3953
1942
356
1959
1849
3445
3688
2053
2756
2141
1516
3680
3939
3009
705
3383
2177
854
2131
4156
2417
1105
2172
205
1501
2844
3684
2784
3562
2893
390
1457
2058
3231
86
2436
1715
1724
85
2357
708
3534
1745
1055
116
653
3133
2619
306
155
3426
617
2416
669
1163
3240
165
3792
2848
472
3588
1297
2106
3936
2674
2312
1528
2854
4036
580
1703
784
1995
2888
103
2750
1016
3097
2916
48
3099
872
1825
3718
3790
3783
1001
3049
3092
1556
1634
3867
427
1199
2034
1157
4180
651
559
2318
1844
2124
1833
3858
3459
226
156
1408
376
4083
2272
3664
2460
1348
2839
520
2819
609
610
415
3542
3408
43
3082
2288
2658
1033
3785
3080
1695
3576
2567
3323
1250
2826
3633
4045
128
2280
866
1306
2838
2671
4090
930
3917
1292
2602
3210
583
1130
3641
4097
2415
2900
494
403
2868
1491
2987
2824
753
2656
3807
285
2961
30
2526
4082
541
2201
3500
3046
3073
3427
377
3053
2197
1086
1271
1952
3586
370
2328
1687
1072
1407
895
569
834
2421
3883
1532
2060
2432
2529
3197
1378
1589
1544
4073
4114
1089
550
3045
78
2388
4173
2066
3447
3886
2635
1347
737
1838
2450
3909
3507
2623
386
2680
3911
1955
3737
1685
2380
823
986
1794
1824
2401
2477
658
1943
2374
3058
343
1129
3078
3227
2221
80
2701
3631
313
3319
820
1085
1156
3871
1066
4005
392
1936
467
3598
2949
3672
3721
698
1291
1738
2794
2462
2276
3066
2511
848
167
3422
323
2678
3279
459
505
3137
4157
1963
3952
1896
1243
4022
1398
3499
3635
1642
1895
2368
1299
802
822
840
1322
2148
991
270
1240
3648
1837
279
1998
4161
1150
1451
3216
1647
2001
3114
2350
2812
3808
1463
3093
1241
2702
4164
1793
2017
4060
1330
1909
2883
2427
2810
2934
2967
1663
2708
1188
2617
340
1636
4043
2455
3740
171
324
1705
987
4080
2430
230
3630
2563
3601
263
2890
3397
1788
1482
3832
216
2549
3198
3119
1885
3002
1238
3812
1979
2183
2788
2014
2904
862
1690
316
1455
1553
2165
2217
2353
3967
2611
3998
3495
21
47
599
2348
2849
3863
1222
585
836
1023
3962
1574
3907
3258
3071
3852
2640
3642
3966
642
735
4029
3535
3187
3817
560
2387
1479
149
688
2585
2781
2807
3712
978
3175
543
1345
2685
2811
3518
1649
2618
2596
1823
3183
2683
1809
1125
2795
3004
451
1836
4011
2234
177
2002
3409
1686
2728
4006
3494
3111
2443
2870
626
3
575
346
2456
1311
2033
1669
2157
3620
644
1171
1594
3334
1965
4046
1999
3599
19
2236
699
3201
352
3302
1448
2393
3754
2375
3261
2504
2799
3840
132
368
1013
1750
2540
864
3873
3623
3546
826
3742
3489
135
3857
379
949
2119
1090
4116
2029
2641
3370
1472
759
2832
971
3256
4094
3313
1599
2881
491
102
4139
1507
1592
1610
4129
4182
3373
3803
1721
1819
2361
2910
2406
2247
527
127
174
2103
3777
1971
2113
3347
1335
2861
3298
4177
1260
1558
1446
3260
1850
824
1232
856
354
3644
1748
2762
359
663
3025
556
3000
1814
1884
4169
1160
4
227
2102
2346
3211
1987
2783
4078
299
2092
1683
2693
1467
2444
3670
2993
972
2075
1760
2605
3228
773
117
1216
2306
2622
2093
2326
891
3024
3139
3856
1476
736
648
4018
2801
330
2609
3033
2537
3316
150
3398
981
1230
1279
2069
1065
3168
1579
27
3590
1506
2365
2340
589
4085
3508
3894
1588
1688
1149
4091
470
1357
643
3793
3218
1617
627
1786
3694
1267
3692
1184
2555
105
635
2841
605
1404
1709
2541
3573
2695
2403
318
769
1073
307
1429
325
404
1551
2130
3254
2766
2632
552
672
2036
1815
3064
81
568
772
202
3763
1469
2828
2864
3543
3943
1053
725
1051
2557
2624
3360
3653
1816
2551
2439
3115
1114
3948
2554
1495
3022
969
1876
2986
113
858
1344
3241
2301
1084
1120
2489
3651
804
853
1744
1939
293
3225
1536
2222
2494
4167
71
1667
3221
3544
335
1641
115
1435
3091
3869
1664
1914
4098
1764
435
1237
4059
254
786
2116
1409
2553
1153
2101
271
2208
2992
4178
2196
2543
3067
3801
1639
75
3915
1201
1862
4001
4133
612
2530
3605
2858
1706
3118
3891
3637
1842
2087
700
755
2120
3162
1239
70
1613
1004
2559
2897
3468
3443
2528
500
4146
1307
2335
2696
3988
652
878
495
1778
2343
2673
3847
3406
2496
1413
2000
1112
1349
2483
2989
2349
3251
731
2284
640
3305
3877
245
2423
1127
1537
4126
168
2117
1743
3144
214
3923
3555
3897
517
665
141
3151
79
2216
3060
1638
122
274
2420
3739
2960
579
3701
2735
706
3044
2730
4051
22
827
902
1197
3968
446
2968
3619
1974
2449
819
830
1910
2337
3395
3979
3725
1175
3878
2114
2988
3625
394
2351
3405
4100
1095
4066
1671
1301
2207
1827
4130
52
1151
2065
2260
927
2872
941
3741
3432
3125
498
1905
2261
1007
2067
1989
3250
1178
2803
3666
4131
345
1321
185
1697
3463
3348
188
611
192
1128
1915
581
2082
2396
557
3394
3674
818
2253
1233
339
1866
201
1858
3850
3853
3983
932
4039
758
1769
2367
1464
246
2769
2882
4107
2191
3014
452
681
1412
58
1997
1994
2814
3304
289
3460
3595
1206
649
2759
3571
2425
4151
2163
440
2847
1973
576
1657
779
1666
1707
3788
3036
3057
3833
391
667
1071
3903
744
2592
76
562
3029
3143
2264
514
1009
383
1211
464
639
147
232
3340
1213
3980
4102
851
3263
3904
2777
2244
1173
2809
3167
133
267
1926
3541
3436
521
1530
893
1244
2289
3268
1852
1929
433
1717
2220
3581
1169
1673
549
870
3839
535
990
1765
3960
20
3949
360
838
3011
2786
369
1242
1269
450
623
1275
2005
66
2181
1005
1098
2612
1080
3655
3995
4010
3829
701
3377
3401
349
1100
1342
222
426
1930
3234
787
1018
3464
1587
2176
2517
3084
250
1078
2052
3028
1436
2011
1181
333
3160
1353
1563
2139
3800
310
2404
4174
812
2572
3772
763
1022
2051
251
2313
1254
1585
1966
2366
1029
1925
3101
3134
3416
3472
954
1820
3328
1036
886
3255
54
509
1625
1777
2160
3235
887
2538
3324
3804
3008
3864
1309
1427
1049
2296
2224
170
3822
1262
1329
2955
206
3577
1487
1938
385
384
3643
1873
490
2808
4194
553
2950
2714
475
1456
1514
1710
1776
235
3435
4132
199
1524
1958
3927
114
1881
1076
1889
2684
2977
4024
4067
2345
3846
534
2569
2765
91
884
3242
73
281
344
1598
742
697
2475
1568
1811
1039
1294
3902
1368
723
4105
3920
3608
3367
3455
1133
166
338
432
1985
3005
3052
1038
3356
994
3660
709
2856
4149
2565
1523
2363
2740
3371
1373
795
2059
2171
4034
1162
2523
2231
2823
2214
2463
2630
413
1650
2651
925
3089
1418
1069
2155
3678
2484
4179
3689
2510
2833
74
1203
1768
2593
3474
1510
677
3027
3813
1962
1790
3606
3578
3257
414
3561
1200
3650
2138
2842
1670
2610
244
366
2834
3843
625
3918
388
670
907
1059
237
1192
3940
1320
1217
3938
1508
842
3942
897
480
152
1529
3724
2046
3247
3926
1883
1070
2212
2531
2613
764
1856
2665
3213
3421
3708
4017
880
445
831
1420
3613
2293
3430
1675
2085
3706
1515
463
1277
2080
3194
10
645
3764
1225
2896
220
2108
780
1977
1426
2502
1772
3209
4062
2594
2954
2578
3277
1880
1921
3425
1259
236
2012
260
2025
17
4166
493
4020
3558
732
1761
1012
1590
3656
1147
1453
686
476
1466
1771
2907
785
3012
912
2414
2705
261
1358
1798
1908
3087
3892
97
538
1605
1898
574
929
416
1377
3934
4027
3266
2473
2672
3402
3750
3969
647
2644
2303
3671
2246
3074
183
4015
2821
1576
2524
380
1207
1445
3798
3483
1550
1623
1716
210
1480
825
2947
3188
3855
473
916
2193
2491
641
34
1696
3075
3550
2582
396
1694
2024
3529
1465
1312
3611
3824
1370
3318
2137
3035
3203
3814
3457
1024
437
1391
2035
3975
3784
3545
1165
655
924
2186
1996
3135
2408
2724
2930
1110
3862
757
2920
1629
3264
2112
3410
2488
3019
2204
3842
2184
2453
3297
4025
1732
3100
4147
2716
3372
3728
3828
2606
1484
3825
1060
1123
305
2281
693
918
3039
3156
3711
810
3294
3465
373
1725
2238
1573
2003
2255
631
2084
2615
2921
189
62
2604
2629
2639
2969
3945
2454
3776
2381
2802
57
2291
3272
2598
1354
3501
3326
3451
4136
1555
3337
1519
3129
4196
852
1762
2643
157
3697
4058
3705
3466
4101
38
3667
2481
803
1382
3090
3944
633
1900
1220
300
100
989
255
1991
2984
2973
3163
807
1651
3238
3456
4104
1888
3145
3537
922
1015
1737
3896
4099
3491
602
2410
1381
2099
2889
397
2400
603
3237
3963
1622
326
3681
3709
1961
1627
2446
3096
835
1037
1902
676
593
1031
3469
1422
4115
3981
1618
2235
2503
1359
1522
2905
1830
3818
1434
2125
3363
2314
2772
567
775
809
3453
1282
3246
1539
8
1557
3609
2533
0
3038
2515
3018
3950
1234
1654
3567
979
2178
329
3488
50
1142
2385
3077
55
1340
2100
3913
2434
1542
1602
3350
4008
1447
2706
3136
3321
4153
920
1875
3661
3343
1
1821
1886
3411
1141
1296
1922
2919
1172
3591
4076
4145
3170
3357
4112
3799
2499
191
2327
2487
1416
1626
1878
1227
2725
694
1366
1614
207
2899
315
2110
3286
3147
2076
975
1597
1170
2437
2607
3479
2645
885
1143
4117
140
1575
3161
3437
193
2243
2903
532
704
768
2698
1182
2200
3773
110
3140
3327
3584
3973
61
327
4079
176
1057
3037
4089
2535
2332
3782
618
1221
1459
2654
2429
3504
4055
280
1194
2558
2268
1235
1212
3526
837
1265
2655
666
2970
926
3153
3330
266
3695
544
2733
3199
233
275
1395
1723
3730
284
591
136
428
2953
4054
646
2518
1132
1637
1927
3289
1276
3733
710
1303
486
743
1371
2070
3450
882
3070
1631
2149
264
2739
123
874
2631
582
2590
3649
510
3830
615
3278
3789
2016
126
2471
3121
2369
3108
1779
425
1195
960
2561
2957
248
843
2669
844
3219
2818
3819
4071
2901
3662
1179
1392
2860
3310
3351
1534
1937
2412
441
1042
3446
3986
2661
833
3958
1741
3587
92
1017
1691
1789
2440
1385
2562
1393
3417
297
2931
3991
419
1372
3470
1223
2815
1882
26
1375
3626
3880
1988
2946
3585
41
3393
14
881
3150
3745
1337
1860
3270
195
1249
2875
268
2548
2991
3951
2763
3001
3176
906
1415
3810
2470
1040
1498
3444
3729
508
3051
3109
3675
3791
4123
161
832
974
3506
4159
1992
961
1360
1470
4050
2571
296
2912
2426
1891
3208
2352
608
1492
2634
3876
1343
3987
894
243
703
2359
730
1094
2428
2042
3382
899
1300
2331
692
3159
1578
3771
2600
3325
3528
332
1010
1399
1604
4109
225
1509
1804
3524
3273
1796
2307
1315
2932
3890
175
3164
2852
1336
1396
2546
2995
3081
3743
4108
1489
3955
1797
3458
3523
4188
4185
3835
1305
208
2790
1832
1628
2071
3154
2242
3756
797
3368
60
1500
2095
2240
3654
1702
2262
2287
767
1822
3922
4035
3429
3288
1731
111
3295
2771
518
1118
4037
1122
1698
2964
4184
262
1047
1284
59
1907
1020
1586
465
1103
953
2625
3698
713
3485
1503
2115
1953
1648
219
2464
4044
1093
3484
1851
1287
1735
3146
173
2211
4041
129
2040
2869
2976
2336
1879
2134
2660
2445
3554
2583
1632
3566
258
2355
3860
2302
1190
1729
563
1689
3068
3866
1785
883
2659
2850
3413
1461
659
355
2867
1892
3676
1714
209
2509
3615
3677
1350
3016
4053
776
1954
3928
2663
4003
1831
528
2732
169
632
1682
3707
1807
1968
3899
1014
3699
1984
1535
1978
3515
1186
4057
1028
1032
957
2512
484
1877
2411
966
1168
1859
4002
2731
2951
1138
4144
2
2111
664
2820
3415
3439
314
1475
348
855
1701
4069
3614
4028
1116
2018
4093
3487
153
2552
2188
2140
1766
436
766
2424
238
1803
3386
2892
3704
2270
598
1270
4122
622
3345
2210
2722
1401
1433
2938
145
2936
683
620
2588
999
3102
4072
371
3157
3349
3898
51
777
873
1653
2843
3908
1295
2168
3127
347
1417
2377
2686
2703
163
311
1045
2447
997
1411
3881
3478
950
1061
590
56
1272
1946
3130
3579
1857
2229
3786
3984
800
2845
3120
3851
2299
3854
469
3719
3762
240
3976
2271
144
3572
1660
565
3497
3532
868
320
1386
2579
3181
3510
3811
2505
3594
2031
525
3769
2073
2227
2044
2822
3259
720
1488
2215
3779
1075
2098
3486
2055
1780
2292
456
2749
3359
1281
2461
1869
1734
2550
3222
857
1251
2347
3331
2915
3220
3580
3627
3083
3549
2697
675
1082
3767
3333
1255
1993
1969
702
936
3454
3511
2169
2718
3339
3617
2379
2474
253
1826
2458
754
921
1903
2223
375
2195
910
1219
2880
3303
2009
1633
395
504
2126
196
2775
3142
877
3412
879
3032
1806
3434
1210
1462
2589
98
2835
2226
507
1581
931
3419
1097
82
711
1846
2679
1058
1326
1906
3837
2770
3559
2323
2646
247
2041
3765
3317
482
1246
3441
2952
3965
2104
1970
2068
2422
2805
1947
2677
2721
3589
1231
2621
805
3041
146
2203
3400
3836
4106
816
636
2392
2486
1644
2545
1316
3178
977
3112
1759
3262
2267
4195
561
444
453
1351
3230
2362
1494
3971
531
733
1899
1615
2909
3420
90
4197
1722
3665
2190
2649
650
3275
689
1681
1726
1854
3056
3530
721
2021
3202
1131
674
1887
2064
104
2943
3687
125
722
1067
1538
1740
707
2230
3921
3516
1154
2015
4140
2358
2830
578
985
187
1389
2577
68
3634
782
1504
1981
1430
1591
1835
1056
1893
2010
2597
3816
2144
2637
1784
2219
634
1317
539
2405
3732
1302
2498
2865
1286
745
1490
914
138
1283
3610
551
3859
2747
530
2791
2162
2681
1736
2997
789
2825
231
4065
656
1770
4040
4026
942
1486
2316
1864
3069
46
1679
1079
1478
2257
292
2028
3735
2265
2419
2744
3375
3320
108
1559
1861
3031
3564
1115
283
468
601
2743
2941
2945
3309
1185
3522
1635
3006
3396
1341
2667
3452
4160
2866
3888
3245
760
1253
2476
3149
1692
2638
2999
584
614
1541
109
3380
967
2757
2086
2170
1369
2501
3885
2279
1452
2325
2492
2521
2330
3424
2746
1248
4143
4007
1924
3636
3879
3746
2006
687
719
35
2037
3103
3174
2741
372
439
3796
913
2682
2712
2846
3930
4084
4199
1327
516
3744
3043
3013
3113
980
2294
131
1107
2773
1596
1713
2056
2500
63
3618
1328
2700
3040
2928
3870
2043
151
3758
2386
3023
2525
746
571
3994
1289
148
1662
2407
4198
1843
1658
944
3475
1805
3374
3389
3498
3702
2527
3244
2019
808
3122
1161
983
1442
1957
889
3640
1847
2090
101
2180
2441
1755
6
44
2547
2691
481
3428
4176
1565
2534
3169
1570
2048
524
637
112
2309
3602
4000
2948
2963
1111
2174
3970
917
962
3471
412
3736
2642
2384
928
3757
341
2829
483
1167
1901
2023
1526
200
358
3593
3774
3826
2911
738
939
2391
4170
2382
2966
3582
2173
2918
1972
2837
3171
1324
3565
1593
2886
3845
2154
2118
1949
2647
49
3267
3521
811
1918
1758
422
919
1782
3607
1828
2688
3556
3838
691
1003
1460
1376
3805
2402
3180
3476
3941
4127
1310
3085
2395
2816
3997
2694
3223
1960
3050
3753
3794
67
668
2179
792
2584
958
4061
3042
1928
3868
3935
2926
566
3821
3978
374
572
2305
13
337
947
2898
3775
1502
3893
2232
4181
179
2738
42
3715
134
278
4042
3431
438
3184
1621
3875
273
3314
180
3290
7
1757
1951
3540
1102
2433
2940
3989
1332
3123
3191
1245
336
2840
1268
718
1440
1834
3388
982
3399
1285
3148
4168
1931
1361
458
1661
294
1258
2394
417
2300
2570
2372
3312
3536
399
2574
1543
2390
1980
3061
424
1352
2713
4111
1917
2397
513
3098
353
1264
3217
120
547
3158
1333
1608
2657
3358
3827
1101
257
1548
1800
1872
2233
1152
2026
4183
2020
3128
3999
1388
3155
2796
1083
2603
2767
107
540
2831
3748
2539
4023
40
1215
1791
2451
1198
2338
2944
24
1405
1749
2239
2985
3956
2879
322
2894
1145
2520
630
1117
1356
288
604
1897
3882
162
933
301
570
1304
1546
3496
3933
448
1126
2599
3716
1355
2241
3932
3912
1874
2653
1763
3738
2522
2342
3957
4096
2472
381
3332
143
1205
2452
661
3552
4162
363
3271
4154
4171
303
2182
2633
401
2560
2853
573
1091
523
4052
1334
3088
2480
3414
1099
1159
2726
1062
2038
2418
434
1228
457
2206
680
2256
865
3658
29
1549
2902
3513
3937
3834
487
904
1603
1684
2648
2308
3299
3296
1612
3669
16
1982
2758
1081
3905
796
1387
1527
1021
1441
3448
186
2079
3269
4113
1945
499
1616
2514
3076
488
756
4064
3104
1802
1756
3126
3914
3568
496
1346
3947
259
2083
3284
2519
3265
948
3207
3226
4119
142
526
1096
1400
4138
3629
218
1739
2364
3353
3770
2322
3342
973
2356
511
3685
2709
3030
3384
606
2409
1293
1505
1518
1678
3193
1402
2768
3387
3291
1870
1676
1863
1319
3329
2983
3916
4075
1119
172
2278
2317
717
993
1699
1728
408
1454
3010
4038
2050
3583
955
4019
3192
241
3525
4004
1964
1187
988
821
1499
2587
1845
23
662
3239
592
1449
3117
328
2259
558
2266
4155
3438
1318
2720
1261
277
4086
778
1595
2482
1209
2508
3362
2885
1144
1496
2742
2789
3547
951
83
911
2213
3346
228
2690
2324
3364
3977
479
2536
727
1054
2339
3768
382
466
2676
4056
3668
577
1256
1561
159
3229
3760
1520
3195
2628
3308
3385
455
2008
3964
2917
2376
2389
2192
3527
1025
3378
3714
3110
3682
65
3841
3889
2164
3861
956
1379
272
1552
2442
1403
2981
1935
3376
194
1041
4087
4191
5
1063
638
2668
3467
4074
619
2978
2398
2813
2245
2980
1180
3205
2248
2341
2145
1226
3512
2057
3189
3105
502
1444
1775
814
2506
160
788
1414
3720
1582
2469
2485
3490
1140
2198
2493
3473
3622
3679
3795
204
529
696
1068
2013
2689
2972
1774
3179
4009
564
1940
2666
867
2109
3204
2175
106
431
3311
3982
3300
1517
923
2652
2319
2320
1672
2608
3632
3548
915
1620
3910
685
2310
2874
298
1468
420
846
130
682
1374
1493
1990
3696
1624
203
269
312
400
522
748
794
959
1298
1338
1450
1513
1566
1619
1674
1693
1730
1754
1799
1867
2121
2133
2135
2354
2370
2466
2544
2591
2675
3007
3138
3442
3481
3560
3713
3844
3895
3985
4048
4128
4135
4189
4193
1011
892
1473
2143
2032
3094
2556
2513
3906
2778
2776
607
815
1967
2297
2925
3517
3946
3802
69
1477
1273
12
2507
2884
3107
896
2286
1424
2748
587
839
1136
1439
728
1792
1840
2202
3480
501
1474
2737
741
4192
1139
2088
282
2586
1363
1121
3831
4110
1944
2399
1640
1656
2275
554
716
1680
121
3919
4092
2736
654
726
393
1438
2626
2490
3710
460
4049
3747
1266
3781
215
3673
712
946
624
1752
1564
817
863
1290
2827
3086
1711
3390
2199
2887
806
1027
1871
2263
3172
1050
548
2650
1224
3616
334
828
3418
783
2007
1252
2249
3152
4124
2664
3691
3449
2054
2871
1135
2497
3017
3787
9
2074
739
3749
3596
876
984
3553
350
3015
3166
503
2251
2373
3569
3502
3759
3722
3423
89
2283
287
351
461
586
690
765
963
1554
1810
1841
1853
2027
2282
3034
3131
3352
3848
4121
4186
25
64
249
256
791
793
869
935
1394
1652
1868
1911
1986
2662
2687
3047
3287
3369
3407
3574
3612
3992
4163
1521
2710
3224
405
740
1026
2937
3276
3293
2304
3959
124
1773
2785
462
2096
1043
774
2699
3597
295
37
714
678
471
597
934
2091
36
3557
3391
2727
2754
734
2378
2465
2542
2962
3366
4013
31
39
77
84
181
184
217
239
265
309
362
402
423
429
595
673
751
813
845
860
861
903
938
952
996
1046
1064
1104
1146
1148
1204
1288
1325
1339
1497
1511
1547
1562
1583
1700
1708
1733
1747
1783
1808
1829
1848
2039
2049
2062
2072
2151
2167
2274
2295
2371
2413
2459
2479
2568
2614
2711
2745
2751
2752
2855
2877
2958
2971
2974
2975
2996
3020
3055
3062
3065
3186
3252
3281
3285
3322
3336
3493
3563
3624
3663
3693
3734
3820
3872
3900
4030
4081
4095
4103
4118
4175
1600
2616
3404
2906
536
2792
1380
3492
234
378
533
1406
1976
2158
2495
1432
3575
3177
1077
3639
4125
600
995
1134
2081
88
319
474
1208
1817
1913
2132
2913
3206
3292
3657
4077
72
357
1801
2153
4063
367
4012
1280
197
492
1030
15
276
119
506
660
1428
1481
1712
1941
1975
2467
2575
2863
2908
3519
3703
4142
4158
3929
992
1087
1314
1643
2965
3063
3095
198
213
1933
2187
2431
2209
2857
1247
790
3315
4150
3306
4031
485
1584
3215
3717
2862
87
387
850
1218
3503
3961
3185
1074
1742
164
2329
3884
2806
3461
2723
2761
2929
1813
1923
410
2580
4172
2277
411
1812
3874
2228
3815
1533
1606
2627
2128
1983
2252
2760
2927
118
489
1257
2334
2719
2990
3116
3124
2123
2194
421
443
965
1323
1443
1512
1727
1746
1920
2045
2147
2595
2764
2959
3132
3659
4021
4070
4165
4190
1609
3212
2022
252
798
1313
1364
1665
2290
2576
2836
3249
3301
3341
3354
3646
3683
3761
3806
3823
3972
3974
4032
11
28
53
154
679
724
761
1000
1006
1109
1278
1571
1934
2105
2152
2185
2218
2311
2457
2717
2914
3026
3214
3280
3307
3440
3603
3755
3797
4148
