3.540
-1.180
3.690
3.370
3.100
3.140
-0.720
0.340
3.050
2.250
1.510
2.610
-0.080
1.950
1.340
3.200
1.600
3.770
3.150
0.320
2.920
1.920
3.170
2.170
1.200
3.930
1.900
2.270
1.200
1.140
2.600
3.300
3.940
2.340
2.570
3.620
2.060
4.330
2.550
2.780
1.400
-0.540
2.910
-0.400
-0.160
2.200
3.400
1.100
2.280
3.470
3.000
-1.170
1.950
-0.990
2.000
3.800
3.210
0.360
2.140
1.710
1.190
2.700
2.770
3.800
2.870
1.910
3.400
3.130
3.000
2.330
2.800
-0.540
3.160
2.910
1.550
0.200
1.430
2.470
2.480
-0.450
2.000
2.600
3.500
0.890
1.300
2.010
3.590
0.180
2.600
1.300
2.100
3.720
1.720
1.650
3.700
2.200
2.040
4.490
0.200
2.000
1.490
4.280
-0.950
1.640
2.020
3.090
2.180
4.400
3.280
3.040
3.120
0.060
2.490
1.110
2.810
3.520
2.500
4.480
1.330
1.830
3.600
3.200
-0.560
3.530
4.300
2.880
3.080
1.000
2.400
1.890
1.520
3.330
0.790
3.200
0.100
0.220
2.000
4.000
2.710
0.700
3.670
0.870
2.830
0.820
1.000
3.070
3.070
1.600
1.580
2.620
3.370
2.680
1.700
2.210
-0.370
2.490
3.110
0.740
1.610
1.200
-1.340
1.260
1.300
1.900
3.000
0.210
1.550
2.820
3.520
3.200
1.090
0.550
1.780
1.430
2.510
2.490
2.310
3.340
4.130
3.120
2.200
1.770
1.500
2.500
1.490
3.170
3.190
1.650
2.800
3.890
2.280
2.750
3.970
-0.840
1.600
2.400
3.390
1.790
1.010
3.620
2.360
1.290
1.100
2.150
1.980
3.500
1.170
2.530
1.130
1.300
0.350
1.800
3.200
0.820
3.190
3.300
2.500
2.350
1.730
3.300
2.310
2.410
0.610
3.570
3.130
1.560
0.700
2.080
3.770
-0.900
2.500
3.020
3.900
1.940
3.720
2.270
1.700
2.430
3.200
3.270
0.750
0.970
1.070
-0.380
2.000
2.430
3.550
2.500
-0.420
0.780
2.740
3.560
2.330
1.590
1.460
2.400
2.500
2.160
-0.150
3.300
0.400
3.690
1.690
3.300
2.300
3.050
2.160
2.550
1.140
3.320
2.970
3.460
3.990
1.350
-0.750
3.990
2.500
0.560
1.280
4.000
2.800
0.200
3.000
2.820
0.910
1.400
1.840
0.120
0.960
3.810
2.070
3.160
1.730
0.840
1.740
1.320
2.700
1.160
3.070
3.500
1.920
-0.980
1.700
1.020
2.320
2.800
3.720
4.180
2.320
2.430
2.920
1.380
4.230
-0.200
2.000
1.350
2.830
2.100
2.360
3.180
3.200
2.230
3.400
2.950
3.300
3.400
2.110
3.490
2.370
2.330
0.780
3.290
3.110
3.200
2.700
1.780
0.730
1.960
3.470
1.920
2.960
3.100
3.900
2.530
2.600
2.700
0.810
1.200
1.890
3.000
0.650
1.110
2.800
2.960
3.730
2.160
3.130
3.670
2.950
3.800
3.020
3.020
2.100
0.050
3.480
2.820
3.900
1.390
3.220
2.180
2.750
3.200
1.890
2.300
3.560
3.150
0.470
2.460
1.690
2.130
0.990
3.870
4.200
-0.350
1.900
1.980
2.510
1.600
0.800
2.410
2.300
0.310
2.100
2.720
0.010
2.820
4.020
0.760
2.790
2.800
1.330
1.650
0.920
1.420
1.680
0.700
2.030
4.460
2.280
2.900
2.490
3.100
2.000
2.610
3.370
0.290
2.670
2.740
3.010
2.410
2.410
3.500
0.200
0.830
3.160
1.200
2.020
1.490
0.870
3.130
-0.110
3.650
4.200
1.900
3.580
4.500
3.010
2.900
2.450
3.400
-0.280
3.310
1.800
2.950
3.400
4.500
3.650
0.950
1.370
1.600
4.100
2.650
2.710
2.240
2.420
3.130
-0.580
1.220
0.500
1.340
1.840
1.930
3.300
3.840
1.550
4.210
2.200
2.700
0.360
3.900
2.750
2.940
4.360
1.630
2.790
2.650
3.440
2.980
3.500
0.500
1.600
0.900
2.400
0.400
-0.800
2.000
2.370
4.200
3.300
2.400
2.400
3.900
2.900
1.640
4.200
3.920
0.590
2.940
2.030
2.350
1.210
2.870
2.710
4.000
1.490
1.990
2.000
1.700
2.600
3.840
1.130
2.470
2.410
3.570
2.800
0.670
2.300
2.620
1.370
2.580
2.210
3.300
3.020
1.520
0.680
3.830
2.230
2.760
2.880
3.000
2.300
3.090
2.900
3.620
3.500
2.990
2.900
-0.400
-0.200
2.700
3.700
3.800
3.500
1.700
3.450
3.280
1.510
4.000
2.300
1.390
0.530
2.240
1.370
3.920
2.480
2.890
0.540
2.610
2.300
2.610
1.400
1.930
2.170
0.060
3.180
3.120
1.900
1.060
3.160
2.610
1.200
2.190
1.780
1.300
3.150
3.700
2.280
0.290
2.700
1.240
1.610
3.100
-0.780
1.020
2.900
2.650
2.870
2.000
2.580
2.550
1.200
0.380
3.440
3.600
3.080
2.220
2.110
0.530
0.810
0.660
2.000
1.680
2.160
2.800
3.100
3.130
1.840
1.270
2.420
3.600
3.380
1.210
2.500
1.660
1.200
3.300
3.650
0.910
2.060
1.260
3.410
3.500
3.800
3.370
1.190
3.000
0.420
1.590
0.180
1.090
1.200
1.970
1.900
2.550
2.980
3.950
1.090
-0.400
3.000
0.360
0.510
3.270
3.610
2.190
-0.350
2.800
4.050
1.750
1.990
1.600
2.000
3.300
1.320
1.700
2.780
2.540
3.300
2.200
1.200
2.220
0.790
2.750
2.300
2.530
2.250
3.630
0.950
2.770
3.230
0.670
2.900
2.000
3.040
1.460
2.260
3.100
3.400
1.860
0.980
3.890
1.990
4.040
2.100
2.500
2.160
2.630
-0.620
3.010
3.720
3.400
2.770
4.370
3.600
3.240
3.460
2.100
4.260
2.700
-0.830
2.740
-0.590
3.890
2.850
0.450
2.790
2.400
2.910
2.750
1.210
1.520
1.910
2.940
-1.400
2.060
2.360
2.900
2.300
1.380
0.670
3.400
2.900
1.000
2.800
1.410
2.540
3.700
1.100
2.140
3.180
3.200
1.200
3.570
0.860
3.600
2.680
2.830
2.900
2.480
1.500
3.450
0.220
1.320
0.970
1.170
2.000
3.850
1.900
2.830
2.920
1.300
-0.510
1.800
3.670
2.730
3.200
0.300
2.580
0.520
1.110
2.460
0.120
3.650
2.750
1.410
1.230
1.840
3.610
3.900
1.990
1.800
2.800
2.880
1.150
3.200
2.530
2.610
1.020
2.720
0.770
2.240
3.200
3.600
0.230
1.130
2.870
-0.120
1.750
1.400
2.850
3.110
4.070
2.590
0.810
3.760
3.900
4.100
3.000
1.720
3.020
3.440
2.410
1.680
3.210
0.700
1.920
3.830
3.760
2.820
2.300
3.800
1.400
2.860
0.800
1.700
1.710
2.600
2.140
3.500
0.590
1.340
2.730
1.400
3.440
2.230
2.080
2.110
2.490
0.440
2.780
2.990
1.390
0.490
0.770
3.150
2.400
2.820
3.660
1.700
1.540
1.700
1.310
3.500
2.980
2.650
2.330
1.850
3.300
1.260
3.460
3.250
0.790
3.200
1.300
2.700
0.660
2.250
2.790
1.570
2.000
1.400
3.800
2.070
3.200
3.240
1.200
3.190
0.770
3.880
1.720
-0.200
2.210
2.800
3.750
0.110
-1.030
-1.300
1.650
2.880
1.450
1.860
1.710
-0.200
0.990
1.140
2.000
3.800
-0.810
3.470
0.900
3.900
2.700
-0.540
3.560
2.040
1.250
1.580
3.200
1.600
0.370
0.000
2.820
2.540
0.970
2.600
1.840
0.640
2.400
3.520
4.400
1.820
1.900
-0.150
1.190
2.920
1.020
3.440
0.770
3.800
4.030
1.320
1.380
3.010
1.220
2.300
2.400
3.800
3.970
1.640
2.940
3.100
1.000
4.100
2.090
2.740
2.400
2.520
1.010
1.210
2.180
3.400
1.730
3.000
2.180
4.020
3.600
1.400
2.300
3.700
1.390
2.870
3.200
2.080
2.660
3.300
2.350
1.000
0.520
3.240
2.400
2.780
1.600
1.930
2.550
-0.030
2.960
3.790
2.500
3.650
1.380
3.500
-0.040
1.540
3.190
1.280
1.700
3.600
1.500
0.820
1.800
3.380
1.580
2.880
3.060
2.670
1.490
1.500
3.580
2.870
2.390
-0.840
3.600
3.700
0.900
3.200
4.240
3.330
2.500
3.140
1.610
1.660
1.610
1.660
0.070
3.220
4.500
2.260
-0.920
1.740
2.630
3.490
1.500
0.070
2.380
3.410
-1.150
3.750
0.600
-0.580
1.690
2.670
-0.100
1.330
3.360
1.900
3.140
2.120
1.930
1.450
0.920
-0.400
2.830
1.260
-1.100
0.890
2.800
1.400
3.070
2.870
3.850
2.570
2.500
2.540
2.660
1.240
-0.300
-0.070
1.600
2.600
0.390
1.140
1.300
3.100
1.800
0.900
2.600
2.200
2.100
2.880
2.440
0.750
1.600
0.440
2.700
1.900
2.420
2.330
0.900
4.280
1.980
0.790
3.700
2.480
3.200
1.860
0.010
0.400
1.730
2.970
3.780
0.630
2.700
3.220
0.800
3.190
3.600
1.470
4.400
3.120
-0.150
3.820
1.600
4.100
2.850
1.870
4.130
2.100
2.310
0.230
3.020
1.900
0.670
-0.200
0.330
2.090
3.200
2.230
3.710
1.180
2.700
2.540
2.000
4.200
4.260
3.580
1.560
3.270
0.300
-0.970
1.930
0.990
2.710
-1.360
2.940
0.440
0.910
3.600
3.760
1.180
3.110
2.760
2.320
2.000
1.720
3.510
3.500
3.210
2.710
2.630
0.790
1.800
4.230
-0.730
3.250
2.530
0.900
2.280
4.200
3.480
1.900
3.530
3.380
2.230
3.010
3.370
1.290
-0.600
3.380
1.900
1.900
3.150
2.160
1.970
2.780
2.480
2.550
3.900
0.680
1.630
1.920
2.970
1.300
2.630
3.000
4.050
1.860
3.340
1.880
2.600
0.790
2.880
2.200
1.790
2.790
2.480
3.000
1.960
2.150
3.300
1.100
1.460
0.460
1.240
0.700
3.100
0.130
0.780
2.700
0.220
0.850
3.700
1.300
1.360
1.370
3.200
3.200
3.260
1.620
2.240
3.590
2.460
3.800
1.500
1.100
3.600
3.120
1.840
2.900
3.180
1.040
2.260
-0.500
2.210
0.950
1.190
-0.210
0.200
1.500
4.030
-0.220
1.200
2.880
0.590
2.970
2.840
2.670
2.400
4.200
1.210
3.750
2.380
3.070
0.800
1.940
3.490
1.470
3.620
3.400
3.000
2.340
1.260
2.320
2.430
3.120
0.620
3.600
0.450
2.980
2.500
3.230
2.890
2.520
1.700
0.800
2.760
3.100
3.610
2.700
2.000
2.900
0.200
2.000
-0.160
2.700
1.970
2.460
0.370
0.990
3.420
3.800
0.080
0.900
0.950
2.700
0.870
2.590
3.000
1.680
2.300
2.630
0.440
3.400
2.720
3.450
2.200
3.400
2.050
1.520
3.000
1.440
-1.250
2.030
2.510
4.100
3.100
1.750
1.840
3.600
2.030
3.580
-0.920
4.050
3.970
1.570
1.520
0.830
2.200
1.100
1.460
1.700
1.720
3.750
0.620
2.770
2.360
2.300
2.400
0.600
1.470
0.660
3.360
3.170
0.970
1.690
2.600
3.150
2.840
2.220
3.370
1.660
1.110
0.920
3.100
1.000
3.820
-1.450
1.990
2.060
3.400
1.940
3.300
3.300
1.490
3.000
2.740
2.340
2.800
1.830
1.200
3.430
1.820
2.090
3.250
-0.860
1.470
3.100
2.900
3.400
-1.280
2.500
2.700
2.660
2.550
1.060
2.000
1.910
3.350
1.960
3.420
3.200
2.750
2.650
0.560
2.900
3.270
2.900
1.740
2.760
1.070
0.600
3.710
2.100
2.470
1.050
2.500
0.660
2.460
3.240
-0.460
3.420
1.520
2.840
3.450
1.700
0.490
1.380
4.210
2.680
0.470
3.300
0.800
0.830
3.900
2.980
2.410
3.800
0.830
1.210
1.570
2.550
3.500
0.200
0.110
1.010
2.780
2.820
-0.040
3.370
-0.050
0.540
0.060
0.800
2.500
-0.530
2.620
2.900
4.300
0.700
2.180
2.100
3.500
3.000
3.570
-0.100
-0.050
2.390
2.710
2.980
0.510
2.600
3.600
2.690
0.440
3.300
3.220
1.640
2.540
3.670
2.350
-0.870
3.590
2.810
-0.010
3.010
2.100
3.400
3.270
3.570
3.900
1.340
4.240
2.280
2.050
1.300
1.640
1.650
0.050
1.770
2.750
3.060
3.420
2.800
2.610
2.900
2.470
3.700
2.200
2.700
1.560
1.600
3.090
3.650
1.560
3.110
3.300
3.300
2.770
1.000
1.500
2.860
1.510
3.260
0.780
2.510
2.900
0.700
0.600
0.810
0.630
4.480
0.230
2.000
3.290
1.600
2.100
0.980
-1.100
1.180
2.000
2.090
3.100
1.690
0.910
2.580
1.600
2.610
0.490
3.220
-0.700
1.890
-0.340
2.750
-0.260
1.370
2.500
0.390
3.900
2.030
2.470
2.680
2.540
2.590
1.410
3.180
1.780
1.150
2.000
2.700
2.440
1.700
2.220
1.120
3.030
-1.010
2.500
1.100
2.410
3.300
0.880
2.800
2.900
1.180
3.310
1.310
1.600
3.310
2.770
1.830
3.400
0.500
3.360
0.400
2.600
3.300
2.010
2.760
2.200
3.300
1.560
2.830
3.100
2.120
0.720
2.100
2.400
0.840
2.300
2.640
1.280
1.020
4.490
1.200
3.500
1.980
2.710
2.370
0.750
2.480
3.630
2.110
2.830
-0.420
-0.850
-0.660
2.740
2.630
2.500
3.200
0.220
3.110
3.220
3.600
3.000
3.600
1.630
1.950
3.960
1.910
1.240
2.200
2.230
1.500
3.420
3.800
3.990
2.170
1.090
2.610
3.830
2.400
2.040
3.900
1.620
3.980
3.410
2.120
3.200
3.300
4.390
0.700
1.470
1.910
3.350
3.700
0.770
3.440
-0.180
3.400
-0.510
2.810
3.180
2.740
2.230
2.940
0.470
3.000
1.310
0.780
3.100
2.390
2.920
2.410
4.260
2.800
1.150
1.950
2.200
-0.700
-1.410
-0.410
2.050
1.800
-0.820
1.900
3.900
3.280
1.200
2.700
3.200
1.850
-0.510
3.910
4.280
0.900
2.040
2.920
1.700
2.240
3.000
0.460
0.370
1.120
2.390
-0.620
0.820
2.990
3.400
4.290
2.840
2.040
3.900
2.800
-1.420
-0.330
2.680
2.700
2.560
2.230
2.650
3.580
1.990
2.670
1.440
0.680
0.580
1.390
3.500
1.500
0.930
3.400
0.310
2.600
1.830
3.680
0.970
2.300
3.570
2.260
2.220
0.780
-0.340
2.630
1.450
1.450
3.200
1.820
2.380
2.790
1.700
1.400
0.380
3.700
3.100
2.630
3.000
2.300
3.400
3.700
1.780
2.290
2.350
2.090
1.690
2.320
2.600
0.270
1.870
3.830
1.880
0.240
2.500
2.860
0.490
3.880
2.080
1.600
0.900
2.120
2.020
2.720
1.580
2.900
3.300
2.690
2.010
2.000
2.680
2.630
2.000
3.200
1.190
1.620
0.290
0.600
2.300
1.560
2.440
3.700
3.680
3.900
2.370
3.930
2.900
4.270
2.370
2.500
1.330
3.800
3.400
3.390
3.170
1.250
3.920
1.260
-0.090
1.600
1.540
2.860
2.900
-0.140
4.200
2.550
3.630
2.120
3.350
1.100
3.410
0.300
-0.550
1.190
-0.830
2.530
2.390
1.990
2.100
2.650
2.480
2.600
3.150
-0.650
3.050
1.720
2.500
2.260
1.970
3.560
2.790
0.510
2.210
2.260
3.540
3.560
3.400
0.840
2.710
0.900
3.990
0.780
1.750
3.100
1.120
3.000
2.010
2.700
3.260
2.290
-1.500
2.200
4.070
1.600
3.990
1.990
1.290
-0.370
2.300
1.710
1.860
2.400
2.410
1.680
2.760
3.220
4.430
0.240
2.700
1.180
2.830
1.100
3.100
1.650
1.910
0.240
3.560
1.880
2.190
3.300
3.470
-0.030
2.900
0.350
2.340
2.800
3.000
4.100
4.000
0.660
1.080
1.030
1.900
2.560
2.610
2.900
3.310
-0.900
1.830
1.460
0.210
0.870
2.620
3.630
2.680
3.490
2.840
4.170
2.680
1.690
0.850
2.390
0.300
3.800
1.090
3.160
4.060
3.250
1.720
-0.700
2.730
1.480
2.890
1.000
3.700
2.330
3.070
1.740
1.560
2.160
3.310
3.970
1.000
3.800
1.870
1.950
0.140
3.700
2.710
1.010
2.900
-0.120
3.500
2.600
1.000
2.400
2.820
2.930
2.800
1.200
0.190
1.200
2.130
2.800
0.020
1.100
0.440
0.600
3.800
3.310
3.600
2.140
3.750
1.130
2.700
3.650
2.560
-0.310
-0.340
3.120
3.120
3.150
0.830
1.490
2.410
1.330
3.400
1.920
2.900
3.700
2.900
3.500
2.670
0.220
1.120
2.760
2.400
3.080
1.390
1.100
2.060
3.030
3.800
3.220
1.750
3.000
0.990
1.740
3.170
4.300
0.910
2.180
1.760
1.360
3.860
2.960
2.450
0.520
3.180
3.300
0.600
1.750
2.720
1.400
2.700
0.050
1.640
2.300
1.810
4.120
-0.300
2.160
0.500
2.570
-0.440
0.900
0.760
1.200
0.740
0.050
2.400
2.260
2.900
2.360
3.040
1.300
1.410
2.490
2.500
3.180
-0.820
2.600
2.060
1.850
2.360
2.790
1.390
2.170
4.490
3.080
-0.420
3.580
3.700
0.500
2.410
2.400
2.620
3.200
2.660
2.900
2.100
3.050
2.550
3.620
0.290
1.060
0.900
3.910
2.210
2.410
2.300
-0.110
3.200
2.770
1.500
1.000
2.390
2.010
2.710
1.300
2.800
1.400
2.500
3.600
0.120
1.750
2.780
4.010
2.840
3.270
4.410
3.100
1.900
3.000
1.500
2.500
1.870
0.980
2.000
1.710
1.090
2.610
3.680
3.120
1.320
2.410
2.900
2.230
1.790
2.740
0.910
2.990
-1.420
3.600
3.340
3.210
-0.160
1.870
3.000
2.860
-0.420
1.480
1.600
1.600
2.500
2.100
3.240
3.050
-0.510
2.310
1.580
0.400
3.300
2.390
3.380
1.750
-0.510
1.670
1.730
3.000
3.680
2.770
-0.920
3.170
1.770
1.850
3.420
0.200
1.200
3.510
3.730
2.750
2.440
3.880
1.480
0.920
2.000
1.770
2.100
1.380
2.540
2.800
2.430
3.640
4.140
2.400
0.300
-0.980
3.300
2.810
3.300
4.050
2.640
2.590
2.820
2.300
0.480
2.880
3.050
3.080
2.400
3.490
0.490
1.920
1.400
2.130
3.090
2.360
2.510
3.290
2.870
1.690
2.700
-0.250
2.770
4.100
-0.880
2.580
3.900
4.150
2.310
2.800
1.580
2.190
0.800
3.530
1.600
2.490
3.610
3.340
3.530
3.650
3.990
1.190
3.410
0.860
2.600
2.150
2.440
3.200
1.350
1.300
1.860
1.790
4.210
2.500
3.940
3.900
-0.840
0.310
3.460
1.730
3.230
2.810
0.540
3.220
4.090
0.780
2.360
2.960
4.200
3.600
2.900
2.600
1.730
1.240
2.830
1.970
3.300
2.900
2.170
3.600
3.700
1.880
1.110
1.070
3.290
3.510
0.870
2.370
3.600
2.180
2.600
2.140
4.090
1.940
3.480
2.630
2.350
1.900
0.160
2.080
1.010
4.000
1.000
1.800
3.690
1.440
1.700
3.600
2.470
3.400
1.950
1.170
1.250
2.300
-0.400
2.990
2.100
1.030
2.890
2.580
2.620
2.140
1.740
3.700
3.110
2.550
3.000
3.020
3.960
2.480
3.140
2.470
3.070
3.040
-0.450
2.100
1.860
2.810
3.450
3.700
0.880
2.210
1.600
0.300
0.640
3.580
0.330
2.420
3.220
3.270
3.600
0.270
3.300
2.100
0.930
1.170
1.410
2.500
1.640
1.970
1.910
2.800
3.620
2.390
1.420
2.550
3.570
3.660
1.730
0.250
2.260
3.900
3.400
2.280
0.800
0.700
0.790
2.200
1.700
1.900
2.400
0.950
1.230
1.770
2.910
-0.200
-0.480
2.800
3.000
3.170
3.210
3.090
-0.960
2.900
3.000
1.370
2.040
2.950
3.100
3.150
1.300
2.860
0.770
3.700
3.370
3.830
1.370
2.200
1.440
3.920
1.100
1.690
2.350
0.900
2.210
2.310
1.640
2.710
1.670
3.300
2.130
3.600
2.320
1.530
3.000
2.860
0.200
3.300
2.000
1.920
0.400
2.630
2.490
3.660
3.270
2.600
2.310
2.100
2.800
3.010
2.480
3.640
-1.310
1.220
3.490
0.900
-0.310
1.980
3.050
0.760
2.460
0.150
2.910
2.260
0.870
2.600
0.530
-0.840
1.700
3.970
2.900
1.130
2.690
1.900
3.720
1.700
1.740
2.750
4.100
2.700
0.990
1.840
4.100
1.980
2.650
2.230
3.700
2.410
3.300
2.110
1.850
2.230
2.600
3.100
1.070
1.990
0.050
2.300
2.200
1.800
1.820
-0.250
1.270
3.100
0.900
1.860
2.300
0.690
2.740
2.150
2.400
2.060
3.440
0.600
1.910
2.960
1.900
2.910
0.360
3.310
3.390
0.310
1.970
1.320
-0.270
2.120
4.300
3.300
2.640
2.400
1.300
1.540
2.380
3.100
2.900
-1.000
1.880
2.800
2.410
3.150
0.800
0.030
0.200
3.400
1.010
3.150
2.260
1.500
1.780
1.790
3.810
1.510
3.500
1.970
3.100
2.210
-1.080
2.350
4.280
3.250
2.860
1.670
2.190
3.700
1.150
-0.580
2.960
3.100
1.630
3.860
2.630
3.800
2.870
3.580
1.540
2.890
2.300
1.000
2.700
-1.200
2.340
3.280
3.860
3.600
3.800
2.120
2.800
2.460
2.120
2.130
2.720
2.420
3.220
1.210
3.000
3.700
3.360
1.230
4.140
3.270
0.370
2.090
3.100
0.600
-0.800
3.400
2.600
1.000
1.270
2.660
3.900
4.120
1.850
3.120
1.260
1.550
0.250
1.420
2.300
3.010
1.910
-0.560
2.000
-0.220
3.400
2.500
3.520
1.980
1.790
3.200
3.210
2.470
3.200
3.860
2.750
3.000
2.080
0.710
-0.290
-0.040
3.100
1.100
3.040
2.100
2.500
3.070
-0.550
2.010
0.310
3.930
3.320
1.710
3.370
-0.410
1.190
2.830
0.750
1.810
2.710
2.850
3.430
3.100
1.600
1.900
3.320
1.380
0.910
2.690
3.620
1.000
3.800
1.590
0.450
1.050
2.240
2.720
4.100
4.380
1.850
3.370
2.090
3.000
3.020
1.400
3.100
3.110
0.670
3.500
2.920
2.450
2.230
1.970
1.500
3.510
2.560
3.360
1.200
3.670
-0.690
0.700
1.400
1.060
4.090
1.640
2.750
1.500
1.600
3.800
3.470
0.930
2.790
1.890
3.020
1.330
-0.820
2.110
2.160
3.200
2.410
3.330
0.510
2.210
0.900
0.740
2.340
2.100
3.410
2.070
4.200
2.100
1.530
2.800
3.700
1.910
2.720
1.200
-1.020
2.000
3.040
2.180
0.220
2.440
3.360
3.100
3.450
-1.040
1.800
2.940
2.550
3.980
1.960
2.480
4.050
1.750
2.730
3.400
3.300
-0.880
3.250
0.630
1.500
1.160
2.160
0.680
4.210
2.870
2.610
2.900
1.990
3.200
0.250
3.690
0.800
2.180
0.290
1.000
2.250
2.120
1.720
2.880
-0.250
2.510
2.410
1.960
3.290
2.170
2.190
2.060
3.400
1.530
4.240
4.300
3.070
3.310
3.300
1.220
3.000
3.030
1.500
2.000
3.300
2.920
2.500
1.130
0.840
3.380
1.300
2.490
1.960
2.170
2.000
3.150
0.150
2.070
3.900
2.840
0.570
3.200
-0.800
3.500
2.420
2.660
3.400
0.580
3.780
1.950
1.980
2.700
3.370
3.300
2.500
1.160
2.270
1.990
-0.220
3.380
3.720
0.750
2.550
2.510
3.010
3.260
2.800
1.590
-0.630
1.710
2.700
0.960
0.990
1.530
2.300
3.100
1.000
4.300
2.800
3.530
1.750
3.000
2.360
2.670
3.300
2.850
2.400
-1.100
1.400
4.000
1.670
2.490
-0.840
2.900
2.030
1.250
4.350
1.690
1.600
3.420
0.680
0.970
1.100
2.500
1.290
3.400
3.170
2.800
2.220
1.400
2.000
3.000
4.420
1.230
1.160
3.200
1.810
3.600
1.300
1.600
3.000
3.800
0.520
1.500
2.200
2.700
-0.090
3.370
2.100
4.130
0.410
2.570
1.200
4.140
2.300
3.000
3.440
1.570
4.310
2.740
3.950
2.810
0.610
2.520
2.670
-0.010
0.170
1.210
3.500
3.590
4.130
1.700
2.730
0.640
1.820
0.990
1.180
-0.280
2.100
2.220
2.300
1.300
2.790
1.690
-0.490
1.780
1.280
2.500
1.930
1.060
0.340
2.150
1.080
0.800
2.360
1.520
4.290
2.900
2.140
3.250
2.200
3.080
2.510
0.680
2.950
3.300
3.800
0.800
3.500
3.710
3.100
0.280
1.720
2.560
3.800
2.860
2.200
1.590
0.060
1.250
3.520
2.080
0.500
2.400
0.770
2.000
2.350
2.430
2.170
2.000
3.400
0.140
1.260
2.200
3.350
1.960
2.050
2.870
3.500
3.280
0.700
0.300
0.790
1.440
1.520
2.860
3.500
1.710
3.100
4.340
0.510
2.860
1.710
2.520
0.420
3.400
0.800
3.140
4.200
2.510
2.760
0.550
3.280
3.500
3.600
3.300
2.810
2.590
1.500
3.410
3.450
0.910
2.800
-0.870
1.600
0.660
1.680
1.500
0.300
2.150
2.500
1.150
2.000
2.450
1.740
0.420
2.600
3.060
3.800
2.640
2.570
3.280
4.170
0.870
1.560
3.700
2.620
0.300
0.800
2.320
-0.650
2.760
0.400
2.330
2.600
1.550
0.740
1.500
1.260
2.090
2.930
1.780
3.100
4.250
3.650
4.150
3.130
0.680
2.800
4.310
3.490
2.700
0.600
0.300
1.940
2.550
2.260
2.320
2.620
-0.430
2.810
0.700
3.100
3.100
3.450
2.900
3.500
1.400
1.840
2.700
3.290
3.370
3.470
3.710
2.200
2.800
1.770
0.000
2.340
2.800
3.600
2.900
2.450
3.600
1.050
2.360
2.730
2.630
2.080
4.300
2.900
2.050
3.100
1.650
4.400
2.010
3.000
-0.900
1.070
3.600
3.500
1.340
1.970
2.000
1.850
2.710
0.810
2.350
2.800
3.170
-0.160
3.690
1.130
2.260
-0.280
1.400
1.620
2.800
1.870
4.130
2.890
0.160
0.160
4.200
1.810
2.340
0.400
1.630
0.030
1.780
3.360
2.180
0.000
0.730
-0.710
1.500
2.600
-0.060
2.110
3.140
2.670
0.290
2.930
2.200
0.600
3.300
2.700
1.500
1.440
3.100
2.900
4.300
3.630
-0.520
1.800
-0.380
3.320
3.850
2.140
3.270
2.350
2.500
0.620
2.590
4.190
2.150
1.580
2.660
-0.960
3.600
1.050
1.560
1.540
2.550
1.710
0.270
2.830
0.480
0.750
3.700
1.380
3.240
-0.270
1.610
2.960
3.050
1.130
4.060
1.200
0.250
0.540
2.500
1.000
1.830
1.270
3.740
2.890
1.200
2.870
3.500
2.560
2.150
3.700
2.520
1.600
-0.120
-0.080
3.520
0.760
4.420
2.190
1.600
1.700
2.010
0.780
3.400
2.390
2.410
1.800
2.020
3.120
3.400
2.850
2.980
3.400
3.330
3.820
0.540
1.500
1.400
2.250
2.290
-0.060
3.850
3.120
2.910
1.900
2.130
3.400
2.510
1.800
3.890
3.160
3.200
2.800
1.650
2.560
2.530
3.200
1.700
4.010
2.240
1.330
2.720
2.700
4.000
2.430
2.430
-0.910
-0.040
-0.500
3.560
2.300
2.400
-0.490
1.790
3.100
3.500
2.650
1.660
1.710
3.420
0.690
2.990
1.780
0.020
1.100
3.760
-0.060
3.070
3.380
0.670
3.300
0.220
3.160
1.940
2.200
1.920
2.690
1.280
3.240
2.300
3.600
2.130
-0.150
-0.140
2.150
0.600
3.310
1.740
1.110
2.740
3.530
0.540
2.200
3.100
1.620
2.530
-1.330
3.860
2.810
3.230
0.740
2.230
2.790
2.860
2.840
2.870
2.140
3.070
3.490
0.500
1.260
2.910
3.220
2.700
-1.290
0.600
1.300
3.600
1.500
3.300
3.290
2.250
1.610
1.140
2.980
3.220
2.950
3.770
1.520
3.100
1.880
2.900
1.290
2.980
3.250
3.720
1.270
1.000
1.670
2.320
2.340
2.290
1.810
3.260
2.110
0.480
0.400
-0.980
1.480
1.810
3.190
3.460
0.890
1.900
2.700
-0.690
2.170
3.840
2.030
1.780
2.930
2.900
2.500
3.470
1.620
2.310
2.700
1.970
0.580
2.500
-1.080
3.370
1.690
2.200
1.400
1.710
2.690
2.780
1.300
3.000
2.820
0.920
2.120
1.940
2.400
2.250
2.800
4.130
2.800
1.480
1.810
2.880
1.940
1.950
0.150
2.100
1.330
1.420
1.500
2.900
3.000
3.200
0.330
3.100
0.850
2.270
-0.940
1.790
0.710
-0.890
4.100
2.010
1.940
3.400
1.770
3.800
3.000
3.770
3.200
3.580
2.970
-0.180
2.630
2.800
1.920
2.610
1.100
1.530
0.820
4.300
3.050
1.090
1.040
1.580
2.460
1.000
3.200
3.200
2.600
2.380
3.620
0.200
2.590
3.290
3.530
2.170
4.300
2.400
2.800
0.010
2.600
2.330
3.320
3.980
1.780
2.380
3.600
2.580
1.610
3.140
-0.760
3.480
1.100
3.190
2.670
2.000
2.990
2.150
2.560
3.700
3.920
4.100
2.420
3.460
2.200
3.800
1.600
2.600
2.570
2.900
2.370
2.990
-0.870
2.000
3.560
2.200
2.520
-1.080
2.060
3.800
3.970
4.100
1.670
3.220
3.900
3.800
0.630
-0.070
1.060
2.900
1.000
1.270
2.300
3.000
3.100
-0.210
0.740
1.720
2.560
4.480
2.670
3.290
0.910
0.600
3.270
2.190
2.350
2.600
3.550
2.990
2.460
3.200
3.260
0.700
2.620
1.590
1.910
0.900
1.940
3.300
2.800
3.000
1.730
2.980
3.100
3.070
3.700
4.360
0.960
1.000
3.230
0.860
2.390
1.100
-0.120
3.610
4.200
2.100
1.900
2.930
2.490
3.200
0.930
3.800
0.100
3.330
2.580
3.500
3.170
2.210
2.660
2.100
1.690
4.000
0.900
1.790
0.610
1.600
2.230
2.370
3.290
3.320
2.200
2.600
0.690
1.690
2.800
1.050
3.000
2.000
1.100
2.200
3.980
4.100
2.970
2.730
3.970
-0.940
2.680
1.440
3.270
3.600
1.330
2.990
3.930
3.140
2.390
1.160
2.100
3.870
2.780
3.100
1.790
3.740
1.850
3.600
3.560
1.760
3.500
3.430
1.500
2.640
3.500
1.520
2.700
3.640
2.000
1.250
2.820
2.630
2.330
2.830
2.650
3.100
3.200
1.860
-0.870
3.700
3.090
1.810
3.140
0.600
2.500
3.500
-0.030
3.210
2.100
0.260
3.000
4.000
0.600
3.100
-0.130
0.920
1.400
4.110
2.120
2.120
2.900
3.230
3.800
2.100
3.600
2.110
3.400
1.500
3.960
3.040
3.070
2.490
3.300
3.150
4.230
0.020
1.420
1.630
3.550
3.330
2.010
0.570
0.900
3.300
-1.080
2.700
-0.870
1.150
1.200
3.500
3.180
3.310
3.140
2.700
2.900
1.460
1.800
1.550
1.550
4.130
2.830
3.400
1.200
1.610
1.320
2.280
0.700
1.820
2.000
3.300
2.170
2.110
2.850
3.420
3.800
2.270
0.940
0.690
2.500
2.970
3.020
3.680
3.200
3.100
3.470
2.770
1.470
2.740
2.860
0.850
2.700
3.600
1.930
1.720
2.400
4.500
1.340
0.220
4.060
2.500
2.520
1.770
2.400
2.150
3.630
0.900
3.880
3.600
1.350
3.570
2.640
3.310
3.660
1.100
1.200
1.400
3.500
3.780
3.390
1.030
0.890
2.000
0.700
2.680
3.340
2.600
2.630
2.500
3.200
-1.480
2.500
2.200
2.080
2.600
2.410
3.140
2.270
0.930
0.700
0.200
-0.650
2.680
3.200
0.720
-0.250
2.600
-0.100
4.300
2.930
3.500
2.930
2.420
2.700
1.550
2.680
1.100
3.010
1.510
3.600
2.600
3.300
1.520
3.000
0.510
1.360
1.790
3.150
2.200
2.640
3.290
0.900
2.660
3.000
2.430
3.080
3.100
3.430
1.180
0.740
3.520
3.400
4.000
1.780
3.210
2.940
-1.270
2.300
1.160
0.230
1.000
1.060
1.490
1.830
1.660
1.700
2.190
0.920
2.440
1.920
3.160
3.460
-0.450
2.220
-0.120
1.300
-0.490
2.690
3.590
3.460
1.100
3.050
1.250
1.080
1.350
2.480
1.260
4.010
2.540
2.690
0.850
3.040
4.160
2.420
1.240
3.400
2.870
2.160
2.700
2.470
2.240
3.300
2.660
3.300
2.840
2.300
2.700
1.000
1.860
3.500
2.940
1.820
2.810
1.780
2.500
2.270
2.340
3.100
3.400
2.060
1.870
0.360
2.710
1.580
1.680
2.900
3.670
0.480
3.020
2.600
2.470
3.100
3.150
3.500
2.800
1.700
2.200
0.400
2.980
1.910
2.800
3.800
3.290
3.100
0.460
4.000
3.370
3.060
1.300
1.880
1.890
2.300
3.300
1.790
2.190
2.000
1.860
0.610
0.480
2.810
2.570
2.740
0.500
2.400
3.240
4.100
2.800
1.500
2.490
3.090
1.610
4.000
1.050
2.100
3.900
2.070
1.800
1.100
1.950
1.050
3.370
2.990
1.330
-0.100
0.780
3.600
3.500
3.700
1.900
-0.270
-0.710
3.180
1.030
1.500
2.130
2.100
3.100
3.340
-1.170
2.480
3.280
-1.060
-0.660
2.680
3.850
-0.270
3.700
3.150
-0.930
-0.090
3.950
-0.490
1.750
1.030
3.000
0.150
3.060
1.220
2.460
2.800
2.750
2.300
2.090
2.720
-0.960
2.590
2.190
2.900
2.270
3.580
1.830
2.450
1.650
1.330
1.230
0.990
2.780
2.070
2.700
3.000
2.370
2.840
3.890
3.050
3.240
1.860
2.300
1.750
-0.870
1.910
3.390
2.860
3.800
2.500
-0.620
0.020
1.800
2.670
3.700
1.290
3.100
2.400
3.780
2.630
0.760
4.250
0.560
2.950
-1.020
2.300
1.800
-0.790
2.260
4.090
3.800
3.300
3.520
3.210
2.400
3.660
3.360
0.910
2.950
2.400
2.870
0.570
3.260
0.330
0.400
2.190
0.800
4.310
3.210
1.700
1.710
1.910
2.200
3.470
1.300
-0.570
-0.780
3.960
2.640
3.210
1.410
3.540
3.250
1.610
3.220
0.940
1.510
1.700
4.370
3.010
2.830
3.650
4.060
3.500
1.940
2.290
2.300
2.800
1.760
4.000
-0.010
0.800
2.320
1.020
2.890
3.200
2.100
2.540
2.100
2.960
2.120
2.400
1.690
1.480
1.500
3.500
1.600
0.860
-1.200
2.410
3.100
1.380
1.490
2.890
2.200
-0.010
3.900
2.540
1.690
1.600
1.740
1.900
3.170
3.350
3.300
3.120
3.100
2.190
2.410
2.540
3.300
3.790
2.080
1.400
-0.480
3.380
2.900
3.540
2.350
1.650
0.870
2.140
2.600
2.960
0.580
2.400
0.640
2.580
0.140
1.700
1.030
0.870
1.970
2.400
0.520
3.410
3.440
3.100
0.620
3.400
1.910
3.400
2.310
-1.010
1.130
-0.300
1.380
0.640
2.180
2.790
2.400
1.680
1.500
1.520
3.800
3.610
2.050
2.360
3.600
2.930
0.680
0.310
0.080
2.340
2.930
3.040
1.460
3.450
2.690
-0.510
0.830
2.410
2.430
0.800
3.420
3.100
2.600
1.780
3.680
3.850
3.210
2.100
2.650
2.700
